2048 40
<id> 0 </id>
<fenetre> 0 0 0 0 0 0 0 0 0 0 0 0 0 0 0 0 0 0 2 670 1372 1 2 0 0 0 0 0 0 0 0 0 0 0 0 0 0 0 0 0 0  </fenetre>
<fenetre> 0 0 0 0 0 0 0 0 0 0 0 0 0 0 0 0 0 2 25 841 1147 31 1 1 0 0 0 0 0 0 0 0 0 0 0 0 0 0 0 0 0  </fenetre>
<fenetre> 0 0 0 0 0 0 0 0 0 0 0 1 3 2 5 8 12 32 143 683 931 154 33 18 10 8 4 1 0 0 0 0 0 0 0 0 0 0 0 0 0  </fenetre>
<fenetre> 0 0 0 0 0 0 0 0 0 0 0 0 1 8 12 46 74 156 293 412 403 319 175 80 35 23 8 1 2 0 0 0 0 0 0 0 0 0 0 0 0  </fenetre>
<fenetre> 0 0 0 0 0 0 0 0 0 0 0 0 0 0 3 5 33 71 124 662 898 131 69 42 10 0 0 0 0 0 0 0 0 0 0 0 0 0 0 0 0  </fenetre>
<fenetre> 0 0 0 0 0 0 0 0 0 0 0 0 0 4 8 40 66 154 189 540 632 171 75 70 40 32 24 3 0 0 0 0 0 0 0 0 0 0 0 0 0  </fenetre>
<fenetre> 0 0 0 0 0 0 0 0 0 0 0 0 0 1 14 35 84 177 292 443 394 279 155 89 71 13 1 0 0 0 0 0 0 0 0 0 0 0 0 0 0  </fenetre>
<fenetre> 0 0 0 0 0 0 0 0 0 0 0 0 0 0 4 21 72 165 308 433 495 256 159 79 47 9 0 0 0 0 0 0 0 0 0 0 0 0 0 0 0  </fenetre>
<fenetre> 0 0 0 0 0 0 0 0 0 0 0 0 0 0 0 26 83 110 217 652 529 181 98 67 59 26 0 0 0 0 0 0 0 0 0 0 0 0 0 0 0  </fenetre>
<fenetre> 0 0 0 0 0 0 0 0 0 0 0 0 0 0 0 0 6 21 102 830 956 89 27 9 6 2 0 0 0 0 0 0 0 0 0 0 0 0 0 0 0  </fenetre>
<fenetre> 0 0 0 0 0 0 0 0 0 0 0 1 2 7 15 19 34 37 92 665 942 97 48 35 35 12 6 1 0 0 0 0 0 0 0 0 0 0 0 0 0  </fenetre>
<fenetre> 0 0 0 0 0 0 0 0 0 0 0 0 0 0 14 38 100 132 272 470 429 286 151 86 45 15 9 1 0 0 0 0 0 0 0 0 0 0 0 0 0  </fenetre>
<fenetre> 0 0 0 0 0 0 0 0 0 0 0 0 0 0 0 0 4 9 44 733 1183 53 14 6 2 0 0 0 0 0 0 0 0 0 0 0 0 0 0 0 0  </fenetre>
<fenetre> 0 0 0 0 0 0 0 0 0 0 0 0 0 1 8 19 48 65 113 643 872 115 84 46 25 8 1 0 0 0 0 0 0 0 0 0 0 0 0 0 0  </fenetre>
<fenetre> 0 0 0 0 0 0 0 0 0 0 0 0 2 11 20 28 38 102 270 481 575 302 139 34 20 21 5 0 0 0 0 0 0 0 0 0 0 0 0 0 0  </fenetre>
<fenetre> 0 0 0 0 0 0 0 0 0 0 0 0 0 2 6 29 71 123 175 451 779 187 111 62 41 11 0 0 0 0 0 0 0 0 0 0 0 0 0 0 0  </fenetre>
<fenetre> 0 0 0 0 0 0 0 0 0 0 0 0 0 6 21 40 105 164 277 379 426 269 172 108 68 13 0 0 0 0 0 0 0 0 0 0 0 0 0 0 0  </fenetre>
<fenetre> 0 0 0 0 0 0 0 0 0 0 0 0 0 0 0 5 34 54 150 726 790 187 67 21 13 1 0 0 0 0 0 0 0 0 0 0 0 0 0 0 0  </fenetre>
<fenetre> 0 0 0 0 0 0 0 0 0 0 0 0 0 1 2 7 18 70 238 642 650 313 77 24 5 1 0 0 0 0 0 0 0 0 0 0 0 0 0 0 0  </fenetre>
<fenetre> 0 0 0 0 0 0 0 0 0 0 0 0 0 0 0 0 3 17 56 772 1103 74 20 2 1 0 0 0 0 0 0 0 0 0 0 0 0 0 0 0 0  </fenetre>
<fenetre> 0 0 0 0 0 0 0 0 0 0 0 1 4 6 27 36 78 177 272 430 399 227 182 121 56 23 7 2 0 0 0 0 0 0 0 0 0 0 0 0 0  </fenetre>
<fenetre> 0 0 0 0 0 0 0 0 0 0 0 0 0 1 11 16 51 96 204 575 681 234 94 51 31 3 0 0 0 0 0 0 0 0 0 0 0 0 0 0 0  </fenetre>
<fenetre> 0 0 0 0 0 0 0 0 0 0 0 0 0 3 15 25 55 96 175 594 671 209 85 64 43 13 0 0 0 0 0 0 0 0 0 0 0 0 0 0 0  </fenetre>
<fenetre> 0 0 0 0 0 0 0 0 0 0 0 0 0 5 32 25 40 48 70 624 930 94 64 60 38 18 0 0 0 0 0 0 0 0 0 0 0 0 0 0 0  </fenetre>
<fenetre> 0 0 0 0 0 0 0 0 0 0 0 0 0 1 24 43 85 118 238 493 537 250 110 70 36 20 17 6 0 0 0 0 0 0 0 0 0 0 0 0 0  </fenetre>
<fenetre> 0 0 0 0 0 0 0 0 0 0 0 0 0 0 2 13 29 100 171 652 739 184 98 20 29 10 1 0 0 0 0 0 0 0 0 0 0 0 0 0 0  </fenetre>
<fenetre> 0 0 0 0 0 0 0 0 0 0 0 0 0 0 3 14 73 182 270 470 446 300 187 76 25 2 0 0 0 0 0 0 0 0 0 0 0 0 0 0 0  </fenetre>
<fenetre> 0 0 0 0 0 0 0 0 0 0 0 0 1 1 18 61 106 158 298 358 388 264 217 107 40 20 9 2 0 0 0 0 0 0 0 0 0 0 0 0 0  </fenetre>
<fenetre> 0 0 0 0 0 0 0 0 0 0 0 0 0 0 5 27 65 108 230 519 646 221 135 64 26 2 0 0 0 0 0 0 0 0 0 0 0 0 0 0 0  </fenetre>
<fenetre> 0 0 0 0 0 0 0 0 0 0 0 0 0 0 0 0 0 0 2 466 1578 2 0 0 0 0 0 0 0 0 0 0 0 0 0 0 0 0 0 0 0  </fenetre>
<fenetre> 0 0 0 0 0 0 0 0 0 0 0 0 0 0 7 20 58 123 195 574 675 201 88 47 39 13 7 1 0 0 0 0 0 0 0 0 0 0 0 0 0  </fenetre>
<fenetre> 0 0 0 0 0 0 0 0 0 0 0 0 0 5 11 18 37 100 201 597 686 211 95 45 29 5 8 0 0 0 0 0 0 0 0 0 0 0 0 0 0  </fenetre>
<fenetre> 0 0 0 0 0 0 0 0 0 0 0 0 1 3 20 47 89 136 217 458 548 223 134 81 50 28 11 2 0 0 0 0 0 0 0 0 0 0 0 0 0  </fenetre>
<fenetre> 0 0 0 0 0 0 0 0 0 0 0 0 0 0 0 0 0 0 0 777 1271 0 0 0 0 0 0 0 0 0 0 0 0 0 0 0 0 0 0 0 0  </fenetre>
<fenetre> 0 0 0 0 0 0 0 0 0 0 0 0 0 0 2 5 6 3 36 759 1181 36 8 4 3 3 2 0 0 0 0 0 0 0 0 0 0 0 0 0 0  </fenetre>
<fenetre> 0 0 0 0 0 0 0 0 0 0 0 0 0 8 28 53 49 66 104 567 836 92 89 92 37 24 2 1 0 0 0 0 0 0 0 0 0 0 0 0 0  </fenetre>
<fenetre> 0 0 0 0 0 0 0 0 0 0 0 0 0 4 8 20 52 87 149 594 824 114 83 66 29 14 4 0 0 0 0 0 0 0 0 0 0 0 0 0 0  </fenetre>
<fenetre> 0 0 0 0 0 0 0 0 0 0 0 0 0 0 11 39 66 108 206 523 666 171 116 76 43 22 1 0 0 0 0 0 0 0 0 0 0 0 0 0 0  </fenetre>
<fenetre> 0 0 0 0 0 0 0 0 0 0 0 0 0 0 0 0 1 39 187 735 838 208 36 3 1 0 0 0 0 0 0 0 0 0 0 0 0 0 0 0 0  </fenetre>
<fenetre> 0 0 0 0 0 0 0 0 0 0 0 0 0 1 1 12 16 49 89 753 938 106 50 21 8 4 0 0 0 0 0 0 0 0 0 0 0 0 0 0 0  </fenetre>
<fenetre> 0 0 0 0 0 0 0 0 0 0 0 0 0 0 0 6 14 34 87 565 1168 100 44 25 5 0 0 0 0 0 0 0 0 0 0 0 0 0 0 0 0  </fenetre>
<fenetre> 0 0 0 0 0 0 0 0 0 0 0 0 0 0 8 40 79 110 211 573 550 230 108 68 43 24 4 0 0 0 0 0 0 0 0 0 0 0 0 0 0  </fenetre>
<fenetre> 0 0 0 0 0 0 0 0 0 0 0 0 1 11 19 50 59 97 134 624 690 109 86 71 59 30 7 1 0 0 0 0 0 0 0 0 0 0 0 0 0  </fenetre>
<fenetre> 0 0 0 0 0 0 0 0 0 0 0 0 0 0 3 25 31 78 187 597 720 253 102 49 3 0 0 0 0 0 0 0 0 0 0 0 0 0 0 0 0  </fenetre>
<fenetre> 0 0 0 0 0 0 0 0 0 0 0 0 0 0 0 0 0 0 0 358 1690 0 0 0 0 0 0 0 0 0 0 0 0 0 0 0 0 0 0 0 0  </fenetre>
<fenetre> 0 0 0 0 0 0 0 0 0 0 0 0 0 0 0 0 0 0 9 810 1217 12 0 0 0 0 0 0 0 0 0 0 0 0 0 0 0 0 0 0 0  </fenetre>
<fenetre> 0 0 0 0 0 0 0 0 0 0 0 0 0 0 0 0 0 1 55 849 1062 77 4 0 0 0 0 0 0 0 0 0 0 0 0 0 0 0 0 0 0  </fenetre>
<fenetre> 0 0 0 0 0 0 0 0 0 0 0 0 6 8 26 68 61 106 188 424 644 211 127 95 44 24 10 5 1 0 0 0 0 0 0 0 0 0 0 0 0  </fenetre>
<fenetre> 0 0 0 0 0 0 0 0 0 0 0 0 0 0 1 9 50 86 216 637 661 199 126 50 9 4 0 0 0 0 0 0 0 0 0 0 0 0 0 0 0  </fenetre>
<fenetre> 0 0 0 0 0 0 0 0 0 0 0 0 2 6 19 48 107 172 286 373 324 290 217 146 40 12 5 1 0 0 0 0 0 0 0 0 0 0 0 0 0  </fenetre>
<fenetre> 0 0 0 0 0 0 0 0 0 0 0 0 1 3 8 21 49 84 129 555 882 157 73 41 30 12 2 1 0 0 0 0 0 0 0 0 0 0 0 0 0  </fenetre>
<fenetre> 0 0 0 0 0 0 0 0 0 0 0 0 0 0 0 1 15 16 31 762 1154 39 15 13 2 0 0 0 0 0 0 0 0 0 0 0 0 0 0 0 0  </fenetre>
<fenetre> 0 0 0 0 0 0 0 0 0 0 0 0 0 3 15 24 43 100 157 570 808 115 87 78 33 13 2 0 0 0 0 0 0 0 0 0 0 0 0 0 0  </fenetre>
<fenetre> 0 0 0 0 0 0 0 0 0 0 0 0 0 0 0 0 4 40 126 675 1015 126 53 9 0 0 0 0 0 0 0 0 0 0 0 0 0 0 0 0 0  </fenetre>
<fenetre> 0 0 0 0 0 0 0 0 0 0 0 0 0 0 1 10 42 83 208 622 720 218 84 53 7 0 0 0 0 0 0 0 0 0 0 0 0 0 0 0 0  </fenetre>
<fenetre> 0 0 0 0 0 0 0 0 0 0 1 3 12 13 18 43 65 127 147 514 624 182 135 65 51 25 13 9 1 0 0 0 0 0 0 0 0 0 0 0 0  </fenetre>
<fenetre> 0 0 0 0 0 0 0 0 0 0 0 0 0 0 0 17 49 74 138 653 831 160 67 19 17 16 7 0 0 0 0 0 0 0 0 0 0 0 0 0 0  </fenetre>
<fenetre> 0 0 0 0 0 0 0 0 0 0 0 0 0 0 4 15 58 107 152 608 745 187 88 45 22 10 5 2 0 0 0 0 0 0 0 0 0 0 0 0 0  </fenetre>
<fenetre> 0 0 0 0 0 0 0 0 0 0 0 0 2 10 15 41 61 87 109 585 812 114 67 57 45 30 12 1 0 0 0 0 0 0 0 0 0 0 0 0 0  </fenetre>
<fenetre> 0 0 0 0 0 0 0 0 0 0 0 0 0 0 0 5 16 69 200 704 737 227 57 22 8 2 1 0 0 0 0 0 0 0 0 0 0 0 0 0 0  </fenetre>
<fenetre> 0 0 0 0 0 0 0 0 0 0 0 1 0 4 11 42 50 75 95 521 972 86 73 61 27 20 8 2 0 0 0 0 0 0 0 0 0 0 0 0 0  </fenetre>
<fenetre> 0 0 0 0 0 0 0 0 0 0 0 0 0 0 4 29 86 184 279 408 414 330 174 102 34 4 0 0 0 0 0 0 0 0 0 0 0 0 0 0 0  </fenetre>
<fenetre> 0 0 0 0 0 0 0 0 0 0 0 0 0 0 5 5 8 16 53 404 1474 52 14 6 5 6 0 0 0 0 0 0 0 0 0 0 0 0 0 0 0  </fenetre>
<fenetre> 0 0 0 0 0 0 0 0 0 0 0 0 0 0 5 31 76 109 209 509 662 193 134 67 42 11 0 0 0 0 0 0 0 0 0 0 0 0 0 0 0  </fenetre>
<fenetre> 0 0 0 0 0 0 0 0 0 0 0 0 0 0 0 0 0 3 18 583 1423 13 8 0 0 0 0 0 0 0 0 0 0 0 0 0 0 0 0 0 0  </fenetre>
<fenetre> 0 0 0 0 0 0 0 0 0 0 0 0 0 0 27 35 70 92 159 567 645 220 120 57 42 13 1 0 0 0 0 0 0 0 0 0 0 0 0 0 0  </fenetre>
<fenetre> 0 0 0 0 0 0 0 0 0 0 0 0 0 0 0 0 2 54 129 578 1076 158 47 4 0 0 0 0 0 0 0 0 0 0 0 0 0 0 0 0 0  </fenetre>
<fenetre> 0 0 0 0 0 0 0 0 0 0 0 0 0 9 33 47 65 98 173 463 707 157 120 102 44 17 12 1 0 0 0 0 0 0 0 0 0 0 0 0 0  </fenetre>
<fenetre> 0 0 0 0 0 0 0 0 0 0 0 0 0 0 0 0 0 8 44 765 1176 43 11 1 0 0 0 0 0 0 0 0 0 0 0 0 0 0 0 0 0  </fenetre>
<fenetre> 0 0 0 0 0 0 0 0 0 0 0 0 0 0 0 2 7 32 141 786 871 151 45 13 0 0 0 0 0 0 0 0 0 0 0 0 0 0 0 0 0  </fenetre>
<fenetre> 0 0 0 0 0 0 0 0 0 0 0 0 0 0 0 0 13 68 137 668 925 149 64 23 1 0 0 0 0 0 0 0 0 0 0 0 0 0 0 0 0  </fenetre>
<fenetre> 0 0 0 0 0 0 0 0 0 0 0 1 5 13 39 56 124 168 224 319 469 194 162 152 71 31 14 3 3 0 0 0 0 0 0 0 0 0 0 0 0  </fenetre>
<fenetre> 0 0 0 0 0 0 0 0 0 0 0 0 0 0 0 0 6 15 27 704 1247 28 12 9 0 0 0 0 0 0 0 0 0 0 0 0 0 0 0 0 0  </fenetre>
<fenetre> 0 0 0 0 0 0 0 0 0 0 0 0 0 0 0 0 0 0 51 836 1098 58 5 0 0 0 0 0 0 0 0 0 0 0 0 0 0 0 0 0 0  </fenetre>
<fenetre> 0 0 0 0 0 0 0 0 0 0 0 0 2 1 23 40 60 87 187 481 712 191 149 73 29 10 2 1 0 0 0 0 0 0 0 0 0 0 0 0 0  </fenetre>
<fenetre> 0 0 0 0 0 0 0 0 0 0 0 0 0 1 22 38 108 191 323 327 320 296 239 140 38 5 0 0 0 0 0 0 0 0 0 0 0 0 0 0 0  </fenetre>
<fenetre> 0 0 0 0 0 0 0 0 0 0 0 0 0 8 22 28 53 50 63 533 1050 79 57 43 32 20 10 0 0 0 0 0 0 0 0 0 0 0 0 0 0  </fenetre>
<fenetre> 0 0 0 0 0 0 0 0 0 0 0 0 0 2 8 19 63 162 305 408 434 376 193 66 12 0 0 0 0 0 0 0 0 0 0 0 0 0 0 0 0  </fenetre>
<fenetre> 0 0 0 0 0 0 0 0 0 0 0 0 0 0 8 36 57 129 247 495 584 239 129 84 35 4 1 0 0 0 0 0 0 0 0 0 0 0 0 0 0  </fenetre>
<fenetre> 0 0 0 0 0 0 0 0 0 0 0 0 0 3 21 39 63 102 176 508 723 155 126 69 37 13 11 2 0 0 0 0 0 0 0 0 0 0 0 0 0  </fenetre>
<fenetre> 0 0 0 0 0 0 0 0 0 0 0 0 1 4 11 36 85 154 252 426 480 293 172 84 35 11 4 0 0 0 0 0 0 0 0 0 0 0 0 0 0  </fenetre>
<fenetre> 0 0 0 0 0 0 0 0 0 0 0 0 0 0 0 2 43 96 220 603 681 252 107 43 1 0 0 0 0 0 0 0 0 0 0 0 0 0 0 0 0  </fenetre>
<fenetre> 0 0 0 0 0 0 0 0 0 0 0 0 0 0 4 25 40 108 147 585 796 166 99 39 24 12 3 0 0 0 0 0 0 0 0 0 0 0 0 0 0  </fenetre>
<fenetre> 0 0 0 0 0 0 0 0 0 0 0 0 0 0 0 2 6 58 143 641 985 132 62 17 1 1 0 0 0 0 0 0 0 0 0 0 0 0 0 0 0  </fenetre>
<fenetre> 0 0 0 0 0 0 0 0 0 0 1 0 8 12 10 27 62 105 188 440 756 183 131 65 30 12 9 8 1 0 0 0 0 0 0 0 0 0 0 0 0  </fenetre>
<fenetre> 0 0 0 0 0 0 0 0 0 0 0 0 0 0 0 0 6 28 134 712 976 153 30 9 0 0 0 0 0 0 0 0 0 0 0 0 0 0 0 0 0  </fenetre>
<fenetre> 0 0 0 0 0 0 0 0 0 0 0 0 0 0 0 0 0 0 1 627 1419 1 0 0 0 0 0 0 0 0 0 0 0 0 0 0 0 0 0 0 0  </fenetre>
<fenetre> 0 0 0 0 0 0 0 0 0 0 0 0 0 0 0 2 3 15 129 824 896 160 13 0 4 0 2 0 0 0 0 0 0 0 0 0 0 0 0 0 0  </fenetre>
<fenetre> 0 0 0 0 0 0 0 0 0 0 0 0 0 0 0 0 0 0 40 845 1115 48 0 0 0 0 0 0 0 0 0 0 0 0 0 0 0 0 0 0 0  </fenetre>
<fenetre> 0 0 0 0 0 0 0 0 0 0 0 1 3 15 19 42 90 117 162 508 622 151 136 112 43 14 3 7 3 0 0 0 0 0 0 0 0 0 0 0 0  </fenetre>
<fenetre> 0 0 0 0 0 0 0 0 0 0 0 0 0 1 3 19 66 149 229 531 521 242 208 66 9 4 0 0 0 0 0 0 0 0 0 0 0 0 0 0 0  </fenetre>
<fenetre> 0 0 0 0 0 0 0 0 0 0 0 0 0 13 38 70 157 137 187 367 440 179 181 149 98 25 5 1 0 1 0 0 0 0 0 0 0 0 0 0 0  </fenetre>
<fenetre> 0 0 0 0 0 0 0 0 0 0 0 0 0 0 0 0 1 1 4 628 1408 4 0 1 1 0 0 0 0 0 0 0 0 0 0 0 0 0 0 0 0  </fenetre>
<fenetre> 0 0 0 0 0 0 0 0 0 0 0 0 3 10 22 30 49 127 258 430 572 286 153 57 27 7 10 6 1 0 0 0 0 0 0 0 0 0 0 0 0  </fenetre>
<fenetre> 0 0 0 0 0 0 0 0 0 0 0 0 0 2 8 22 29 33 82 778 895 103 41 26 17 12 0 0 0 0 0 0 0 0 0 0 0 0 0 0 0  </fenetre>
<fenetre> 0 0 0 0 0 0 0 0 0 0 0 0 0 0 0 2 21 124 358 477 480 412 148 21 5 0 0 0 0 0 0 0 0 0 0 0 0 0 0 0 0  </fenetre>
<fenetre> 0 0 0 0 0 0 0 0 0 0 0 0 1 2 6 6 16 56 138 758 825 139 56 23 14 5 1 2 0 0 0 0 0 0 0 0 0 0 0 0 0  </fenetre>
<fenetre> 0 0 0 0 0 0 0 0 0 0 0 0 0 9 15 25 39 90 140 557 839 138 95 59 19 13 9 1 0 0 0 0 0 0 0 0 0 0 0 0 0  </fenetre>
<fenetre> 0 0 0 0 0 0 0 0 0 0 0 0 0 4 6 20 51 101 200 650 658 149 80 70 29 22 8 0 0 0 0 0 0 0 0 0 0 0 0 0 0  </fenetre>
<fenetre> 0 0 0 0 0 0 0 0 0 0 0 0 0 0 11 45 44 54 157 661 726 184 71 39 26 29 1 0 0 0 0 0 0 0 0 0 0 0 0 0 0  </fenetre>
<fenetre> 0 0 0 0 0 0 0 0 0 0 0 0 0 3 20 25 35 58 81 658 923 89 61 43 35 16 1 0 0 0 0 0 0 0 0 0 0 0 0 0 0  </fenetre>
<fenetre> 0 0 0 0 0 0 0 0 0 0 0 0 0 0 5 12 19 28 122 730 905 150 48 17 10 2 0 0 0 0 0 0 0 0 0 0 0 0 0 0 0  </fenetre>
<fenetre> 0 0 0 0 0 0 0 0 0 0 0 1 3 1 3 30 87 180 234 462 486 251 166 67 52 21 4 0 0 0 0 0 0 0 0 0 0 0 0 0 0  </fenetre>
<fenetre> 0 0 0 0 0 0 0 0 0 0 0 0 0 0 0 0 0 7 15 674 1318 28 6 0 0 0 0 0 0 0 0 0 0 0 0 0 0 0 0 0 0  </fenetre>
<fenetre> 0 0 0 0 0 0 0 0 0 0 0 0 0 0 0 0 0 0 0 694 1354 0 0 0 0 0 0 0 0 0 0 0 0 0 0 0 0 0 0 0 0  </fenetre>
<fenetre> 0 0 0 0 0 0 0 0 0 0 0 0 0 0 0 0 2 10 22 593 1403 2 5 7 4 0 0 0 0 0 0 0 0 0 0 0 0 0 0 0 0  </fenetre>
<fenetre> 0 0 0 0 0 0 0 0 0 0 0 0 1 16 111 131 142 192 184 171 240 254 183 209 103 68 38 5 0 0 0 0 0 0 0 0 0 0 0 0 0  </fenetre>
<fenetre> 0 0 0 0 0 0 0 0 0 0 0 0 0 0 0 11 97 292 291 321 397 332 120 84 85 15 3 0 0 0 0 0 0 0 0 0 0 0 0 0 0  </fenetre>
<fenetre> 0 0 0 0 0 0 0 0 0 0 0 0 0 5 29 64 90 307 384 252 206 218 161 116 119 65 27 5 0 0 0 0 0 0 0 0 0 0 0 0 0  </fenetre>
<fenetre> 0 0 0 0 0 0 0 0 0 0 0 0 0 0 69 218 181 224 170 176 171 166 163 194 151 140 24 1 0 0 0 0 0 0 0 0 0 0 0 0 0  </fenetre>
<fenetre> 0 0 0 0 0 0 0 0 0 0 0 0 0 9 15 72 166 176 165 348 449 195 161 169 99 24 0 0 0 0 0 0 0 0 0 0 0 0 0 0 0  </fenetre>
<fenetre> 0 0 0 0 0 0 0 0 0 0 0 0 1 16 29 44 62 95 95 513 843 106 72 58 64 33 15 2 0 0 0 0 0 0 0 0 0 0 0 0 0  </fenetre>
<fenetre> 0 0 0 0 0 0 0 0 0 0 0 0 0 0 2 15 52 162 422 455 407 197 143 97 69 27 0 0 0 0 0 0 0 0 0 0 0 0 0 0 0  </fenetre>
<fenetre> 0 0 0 0 0 0 0 0 0 0 0 0 0 0 2 8 45 114 251 587 569 287 123 53 9 0 0 0 0 0 0 0 0 0 0 0 0 0 0 0 0  </fenetre>
<fenetre> 0 0 0 0 0 0 0 0 0 0 0 0 0 0 0 6 42 229 487 395 336 227 112 78 62 40 34 0 0 0 0 0 0 0 0 0 0 0 0 0 0  </fenetre>
<fenetre> 0 0 0 0 0 0 0 0 0 0 0 0 0 10 39 66 96 130 245 441 373 279 161 97 61 31 16 3 0 0 0 0 0 0 0 0 0 0 0 0 0  </fenetre>
<fenetre> 0 0 0 0 0 0 0 0 0 0 0 0 0 17 21 28 39 108 357 407 453 375 146 32 25 25 14 1 0 0 0 0 0 0 0 0 0 0 0 0 0  </fenetre>
<fenetre> 0 0 0 0 0 0 0 0 0 0 0 0 0 0 0 6 139 171 257 433 497 238 122 91 55 27 11 1 0 0 0 0 0 0 0 0 0 0 0 0 0  </fenetre>
<fenetre> 0 0 0 0 0 0 0 0 0 0 0 0 0 0 52 150 207 190 172 188 241 243 204 243 150 8 0 0 0 0 0 0 0 0 0 0 0 0 0 0 0  </fenetre>
<fenetre> 0 0 0 0 0 0 0 0 0 0 0 0 0 3 115 207 188 164 142 164 189 175 194 196 215 89 7 0 0 0 0 0 0 0 0 0 0 0 0 0 0  </fenetre>
<fenetre> 0 0 0 0 0 0 0 0 0 0 0 0 0 0 16 56 102 236 346 349 252 205 167 163 129 27 0 0 0 0 0 0 0 0 0 0 0 0 0 0 0  </fenetre>
<fenetre> 0 0 0 0 0 0 0 0 0 0 0 0 0 10 46 25 75 115 235 424 505 385 117 40 63 8 0 0 0 0 0 0 0 0 0 0 0 0 0 0 0  </fenetre>
<fenetre> 0 0 0 0 0 0 0 0 0 0 0 0 0 0 10 22 40 95 206 549 698 234 114 61 19 0 0 0 0 0 0 0 0 0 0 0 0 0 0 0 0  </fenetre>
<fenetre> 0 0 0 0 0 0 0 0 0 0 0 0 0 0 8 55 44 102 189 532 681 192 121 59 55 9 1 0 0 0 0 0 0 0 0 0 0 0 0 0 0  </fenetre>
<fenetre> 0 0 0 0 0 0 0 0 0 0 0 0 0 35 149 120 94 102 129 344 362 175 130 139 150 92 27 0 0 0 0 0 0 0 0 0 0 0 0 0 0  </fenetre>
<fenetre> 0 0 0 0 0 0 0 0 0 0 0 0 0 0 1 78 166 188 234 312 310 329 214 113 73 27 3 0 0 0 0 0 0 0 0 0 0 0 0 0 0  </fenetre>
<fenetre> 0 0 0 0 0 0 0 0 0 0 0 0 0 1 35 61 95 121 262 426 443 241 132 115 85 26 5 0 0 0 0 0 0 0 0 0 0 0 0 0 0  </fenetre>
<fenetre> 0 0 0 0 0 0 0 0 0 0 0 0 0 4 102 147 106 123 147 241 337 335 258 122 103 22 1 0 0 0 0 0 0 0 0 0 0 0 0 0 0  </fenetre>
<fenetre> 0 0 0 0 0 0 0 0 0 0 0 0 0 0 0 12 82 167 314 418 466 311 176 85 15 2 0 0 0 0 0 0 0 0 0 0 0 0 0 0 0  </fenetre>
<fenetre> 0 0 0 0 0 0 0 0 0 0 0 0 4 11 38 90 179 253 231 212 210 202 240 219 99 41 16 2 1 0 0 0 0 0 0 0 0 0 0 0 0  </fenetre>
<fenetre> 0 0 0 0 0 0 0 0 0 0 0 0 1 23 98 251 212 162 143 141 124 144 156 180 249 147 17 0 0 0 0 0 0 0 0 0 0 0 0 0 0  </fenetre>
<fenetre> 0 0 0 0 0 0 0 0 0 0 0 0 3 3 27 79 111 245 359 322 187 195 167 141 154 48 6 1 0 0 0 0 0 0 0 0 0 0 0 0 0  </fenetre>
<fenetre> 0 0 0 0 0 0 0 0 0 0 0 0 0 0 0 1 12 27 57 642 1181 100 21 6 1 0 0 0 0 0 0 0 0 0 0 0 0 0 0 0 0  </fenetre>
<fenetre> 0 0 0 0 0 0 0 0 0 0 0 0 0 4 10 29 157 399 331 197 142 205 154 199 169 49 3 0 0 0 0 0 0 0 0 0 0 0 0 0 0  </fenetre>
<fenetre> 0 0 0 0 0 0 0 0 0 0 0 0 1 16 52 192 138 184 156 180 261 248 214 263 131 12 0 0 0 0 0 0 0 0 0 0 0 0 0 0 0  </fenetre>
<fenetre> 0 0 0 0 0 0 0 0 0 0 0 0 0 7 3 13 8 25 200 697 796 250 30 19 0 0 0 0 0 0 0 0 0 0 0 0 0 0 0 0 0  </fenetre>
<fenetre> 0 0 0 0 0 0 0 0 0 0 0 0 3 16 29 74 78 113 248 328 417 447 169 72 38 10 6 0 0 0 0 0 0 0 0 0 0 0 0 0 0  </fenetre>
<fenetre> 0 0 0 0 0 0 0 0 0 0 0 0 0 7 16 52 104 196 395 327 293 188 175 168 86 35 5 1 0 0 0 0 0 0 0 0 0 0 0 0 0  </fenetre>
<fenetre> 0 0 0 0 0 0 0 0 0 0 0 0 1 6 7 15 41 75 311 478 582 412 53 42 25 0 0 0 0 0 0 0 0 0 0 0 0 0 0 0 0  </fenetre>
<fenetre> 0 0 0 0 0 0 0 0 0 0 0 0 0 20 71 107 160 177 151 220 286 308 230 183 97 28 10 0 0 0 0 0 0 0 0 0 0 0 0 0 0  </fenetre>
<fenetre> 0 0 0 0 0 0 0 0 0 0 0 0 0 0 3 249 181 164 151 187 230 255 228 245 155 0 0 0 0 0 0 0 0 0 0 0 0 0 0 0 0  </fenetre>
<fenetre> 0 0 0 0 0 0 0 0 0 0 0 0 0 0 23 59 79 105 236 460 452 317 193 115 9 0 0 0 0 0 0 0 0 0 0 0 0 0 0 0 0  </fenetre>
<fenetre> 0 0 0 0 0 0 0 0 0 0 0 0 0 0 0 5 81 205 237 474 595 200 119 50 30 24 17 11 0 0 0 0 0 0 0 0 0 0 0 0 0  </fenetre>
<fenetre> 0 0 0 0 0 0 0 0 0 0 0 0 4 9 21 57 76 118 272 430 463 279 146 89 36 20 18 10 0 0 0 0 0 0 0 0 0 0 0 0 0  </fenetre>
<fenetre> 0 0 0 0 0 0 0 0 0 0 0 0 1 0 4 54 183 236 311 263 231 245 238 158 109 3 11 1 0 0 0 0 0 0 0 0 0 0 0 0 0  </fenetre>
<fenetre> 0 0 0 0 0 0 0 0 0 0 0 3 3 12 31 64 77 126 131 514 651 133 70 85 86 51 10 1 0 0 0 0 0 0 0 0 0 0 0 0 0  </fenetre>
<fenetre> 0 0 0 0 0 0 0 0 0 0 0 0 0 2 11 49 123 174 290 426 384 155 155 160 82 25 10 2 0 0 0 0 0 0 0 0 0 0 0 0 0  </fenetre>
<fenetre> 0 0 0 0 0 0 0 0 0 0 0 0 0 0 121 252 169 117 124 120 126 171 363 416 68 1 0 0 0 0 0 0 0 0 0 0 0 0 0 0 0  </fenetre>
<fenetre> 0 0 0 0 0 0 0 0 0 0 0 0 0 10 62 87 139 118 167 349 515 163 114 128 134 55 7 0 0 0 0 0 0 0 0 0 0 0 0 0 0  </fenetre>
<fenetre> 0 0 0 0 0 0 0 0 0 0 0 0 0 0 0 0 12 31 95 593 1159 105 39 13 1 0 0 0 0 0 0 0 0 0 0 0 0 0 0 0 0  </fenetre>
<fenetre> 0 0 0 0 0 0 0 0 0 0 0 0 0 0 0 0 0 0 60 898 992 97 1 0 0 0 0 0 0 0 0 0 0 0 0 0 0 0 0 0 0  </fenetre>
<fenetre> 0 0 0 0 0 0 0 0 0 0 0 0 0 0 0 0 0 0 47 919 1008 74 0 0 0 0 0 0 0 0 0 0 0 0 0 0 0 0 0 0 0  </fenetre>
<fenetre> 0 0 0 0 0 0 0 0 0 0 0 0 0 0 0 0 0 0 5 734 1307 2 0 0 0 0 0 0 0 0 0 0 0 0 0 0 0 0 0 0 0  </fenetre>
<fenetre> 0 0 0 0 0 0 0 0 0 0 0 0 3 20 95 88 90 115 120 312 498 235 241 120 57 41 12 1 0 0 0 0 0 0 0 0 0 0 0 0 0  </fenetre>
<fenetre> 0 0 0 0 0 0 0 0 0 0 0 0 0 0 0 13 61 176 390 537 317 231 123 107 88 5 0 0 0 0 0 0 0 0 0 0 0 0 0 0 0  </fenetre>
<fenetre> 0 0 0 0 0 0 0 0 0 0 0 0 0 0 3 52 100 98 199 477 679 164 93 92 54 35 2 0 0 0 0 0 0 0 0 0 0 0 0 0 0  </fenetre>
<fenetre> 0 0 0 0 0 0 0 0 0 0 0 0 0 0 0 0 1 4 29 800 1167 39 7 1 0 0 0 0 0 0 0 0 0 0 0 0 0 0 0 0 0  </fenetre>
<fenetre> 0 0 0 0 0 0 0 0 0 0 0 0 0 0 22 121 134 276 266 231 244 208 199 119 130 94 4 0 0 0 0 0 0 0 0 0 0 0 0 0 0  </fenetre>
<fenetre> 0 0 0 0 0 0 0 0 0 0 0 0 0 23 79 69 104 119 205 238 328 426 327 116 14 0 0 0 0 0 0 0 0 0 0 0 0 0 0 0 0  </fenetre>
<fenetre> 0 0 0 0 0 0 0 0 0 0 0 0 6 7 16 50 114 166 235 299 395 390 273 72 21 4 0 0 0 0 0 0 0 0 0 0 0 0 0 0 0  </fenetre>
<fenetre> 0 0 0 0 0 0 0 0 0 0 0 1 3 15 29 52 49 87 212 538 581 215 100 50 51 36 21 7 1 0 0 0 0 0 0 0 0 0 0 0 0  </fenetre>
<fenetre> 0 0 0 0 0 0 0 0 0 0 0 3 4 18 41 89 147 199 214 248 262 320 270 131 70 25 6 1 0 0 0 0 0 0 0 0 0 0 0 0 0  </fenetre>
<fenetre> 0 0 0 0 0 0 0 0 0 0 0 0 12 22 71 110 126 166 155 154 242 430 340 131 69 19 1 0 0 0 0 0 0 0 0 0 0 0 0 0 0  </fenetre>
<fenetre> 0 0 0 0 0 0 0 0 0 0 0 0 0 0 0 59 193 196 335 277 209 277 283 101 74 43 1 0 0 0 0 0 0 0 0 0 0 0 0 0 0  </fenetre>
<fenetre> 0 0 0 0 0 0 0 0 0 0 0 0 0 10 31 28 68 85 257 348 587 457 138 30 9 0 0 0 0 0 0 0 0 0 0 0 0 0 0 0 0  </fenetre>
<fenetre> 0 0 0 0 0 0 0 0 0 0 0 0 1 27 39 40 85 176 253 364 387 271 162 127 79 29 8 0 0 0 0 0 0 0 0 0 0 0 0 0 0  </fenetre>
<fenetre> 0 0 0 0 0 0 0 0 0 0 0 0 0 2 14 34 49 120 251 518 539 296 122 57 27 17 2 0 0 0 0 0 0 0 0 0 0 0 0 0 0  </fenetre>
<fenetre> 0 0 0 0 0 0 0 0 0 0 0 0 3 5 12 10 10 25 68 729 1032 81 18 17 10 13 14 1 0 0 0 0 0 0 0 0 0 0 0 0 0  </fenetre>
<fenetre> 0 0 0 0 0 0 0 0 0 0 0 0 0 0 0 99 249 283 266 240 180 141 130 162 214 81 3 0 0 0 0 0 0 0 0 0 0 0 0 0 0  </fenetre>
<fenetre> 0 0 0 0 0 0 0 0 0 0 0 0 0 0 0 29 151 174 272 406 374 286 177 81 73 25 0 0 0 0 0 0 0 0 0 0 0 0 0 0 0  </fenetre>
<fenetre> 0 0 0 0 0 0 0 0 0 0 0 1 1 6 27 70 130 152 269 379 326 255 170 152 77 15 13 5 0 0 0 0 0 0 0 0 0 0 0 0 0  </fenetre>
<fenetre> 0 0 0 0 0 0 0 0 0 0 0 0 0 0 0 1 4 276 373 378 344 371 220 77 3 1 0 0 0 0 0 0 0 0 0 0 0 0 0 0 0  </fenetre>
<fenetre> 0 0 0 0 0 0 0 0 0 0 0 3 5 13 33 107 206 250 242 191 176 193 231 192 122 62 19 3 0 0 0 0 0 0 0 0 0 0 0 0 0  </fenetre>
<fenetre> 0 0 0 0 0 0 0 0 0 0 0 0 0 1 2 114 219 210 291 195 181 326 183 124 90 97 15 0 0 0 0 0 0 0 0 0 0 0 0 0 0  </fenetre>
<fenetre> 0 0 0 0 0 0 0 0 0 0 0 0 0 0 0 0 2 84 195 503 988 155 112 9 0 0 0 0 0 0 0 0 0 0 0 0 0 0 0 0 0  </fenetre>
<fenetre> 0 0 0 0 0 0 0 0 0 0 0 0 0 0 0 0 0 0 0 815 1233 0 0 0 0 0 0 0 0 0 0 0 0 0 0 0 0 0 0 0 0  </fenetre>
<fenetre> 0 0 0 0 0 0 0 0 0 0 0 0 0 0 0 0 0 0 0 533 1515 0 0 0 0 0 0 0 0 0 0 0 0 0 0 0 0 0 0 0 0  </fenetre>
<fenetre> 0 0 0 0 0 0 0 0 0 0 0 0 0 0 0 0 28 85 283 567 656 298 96 35 0 0 0 0 0 0 0 0 0 0 0 0 0 0 0 0 0  </fenetre>
<fenetre> 0 0 0 0 0 0 0 0 0 0 0 0 0 0 10 57 117 215 282 393 358 191 126 147 93 43 16 0 0 0 0 0 0 0 0 0 0 0 0 0 0  </fenetre>
<fenetre> 0 0 0 0 0 0 0 0 0 0 0 0 2 11 51 177 161 135 151 203 259 286 331 226 47 6 2 0 0 0 0 0 0 0 0 0 0 0 0 0 0  </fenetre>
<fenetre> 0 0 0 0 0 0 0 0 0 0 0 0 0 24 36 59 94 119 181 284 569 396 170 57 44 15 0 0 0 0 0 0 0 0 0 0 0 0 0 0 0  </fenetre>
<fenetre> 0 0 0 0 0 0 0 0 0 0 0 0 0 0 0 0 0 0 0 674 1374 0 0 0 0 0 0 0 0 0 0 0 0 0 0 0 0 0 0 0 0  </fenetre>
<fenetre> 0 0 0 0 0 0 0 0 0 0 0 0 0 21 91 109 118 128 130 224 352 360 293 165 56 1 0 0 0 0 0 0 0 0 0 0 0 0 0 0 0  </fenetre>
<fenetre> 0 0 0 0 0 0 0 0 0 0 0 0 0 1 26 34 42 128 181 525 599 261 169 31 42 9 0 0 0 0 0 0 0 0 0 0 0 0 0 0 0  </fenetre>
<fenetre> 0 0 0 0 0 0 0 0 0 0 0 0 6 25 53 56 59 69 184 511 519 250 139 97 49 22 8 1 0 0 0 0 0 0 0 0 0 0 0 0 0  </fenetre>
<fenetre> 0 0 0 0 0 0 0 0 0 0 0 0 0 6 31 31 22 29 75 644 932 118 105 35 19 1 0 0 0 0 0 0 0 0 0 0 0 0 0 0 0  </fenetre>
<fenetre> 0 0 0 0 0 0 0 0 0 0 0 0 10 22 58 58 71 105 201 345 418 357 241 99 47 16 0 0 0 0 0 0 0 0 0 0 0 0 0 0 0  </fenetre>
<fenetre> 0 0 0 0 0 0 0 0 0 0 0 0 0 7 28 58 63 32 80 590 843 135 116 60 32 4 0 0 0 0 0 0 0 0 0 0 0 0 0 0 0  </fenetre>
<fenetre> 0 0 0 0 0 0 0 0 0 0 0 0 0 0 0 2 47 197 307 442 542 269 137 50 28 14 8 5 0 0 0 0 0 0 0 0 0 0 0 0 0  </fenetre>
<fenetre> 0 0 0 0 0 0 0 0 0 0 0 0 0 2 38 59 116 198 265 281 384 309 186 112 49 38 9 2 0 0 0 0 0 0 0 0 0 0 0 0 0  </fenetre>
<fenetre> 0 0 0 0 0 0 0 0 0 0 0 0 2 10 40 60 83 104 266 346 390 430 183 64 45 16 7 2 0 0 0 0 0 0 0 0 0 0 0 0 0  </fenetre>
<fenetre> 0 0 0 0 0 0 0 0 0 0 0 0 1 5 11 80 184 187 199 237 334 310 331 143 21 5 0 0 0 0 0 0 0 0 0 0 0 0 0 0 0  </fenetre>
<fenetre> 0 0 0 0 0 0 0 0 0 0 0 5 8 16 56 73 93 80 70 489 740 82 81 84 87 70 14 0 0 0 0 0 0 0 0 0 0 0 0 0 0  </fenetre>
<fenetre> 0 0 0 0 0 0 0 0 0 0 0 0 0 23 76 66 54 51 88 465 684 197 174 123 39 8 0 0 0 0 0 0 0 0 0 0 0 0 0 0 0  </fenetre>
<fenetre> 0 0 0 0 0 0 0 0 0 0 0 0 0 0 0 4 49 94 143 587 963 57 36 38 36 18 10 13 0 0 0 0 0 0 0 0 0 0 0 0 0  </fenetre>
<fenetre> 0 0 0 0 0 0 0 0 0 0 0 0 0 0 0 0 30 158 224 554 672 226 120 63 1 0 0 0 0 0 0 0 0 0 0 0 0 0 0 0 0  </fenetre>
<fenetre> 0 0 0 0 0 0 0 0 0 0 0 0 0 17 78 82 104 114 171 276 423 364 234 136 40 9 0 0 0 0 0 0 0 0 0 0 0 0 0 0 0  </fenetre>
<fenetre> 0 0 0 0 0 0 0 0 0 0 0 0 0 1 25 37 92 178 248 368 411 409 123 61 55 32 8 0 0 0 0 0 0 0 0 0 0 0 0 0 0  </fenetre>
<fenetre> 0 0 0 0 0 0 0 0 0 0 0 0 0 23 147 164 135 114 122 144 199 262 362 315 59 2 0 0 0 0 0 0 0 0 0 0 0 0 0 0 0  </fenetre>
<fenetre> 0 0 0 0 0 0 0 0 0 0 0 0 2 10 27 85 65 125 213 339 471 407 193 88 23 0 0 0 0 0 0 0 0 0 0 0 0 0 0 0 0  </fenetre>
<fenetre> 0 0 0 0 0 0 0 0 0 0 0 0 0 0 1 33 84 152 245 492 539 260 117 45 23 26 18 10 3 0 0 0 0 0 0 0 0 0 0 0 0  </fenetre>
<fenetre> 0 0 0 0 0 0 0 0 0 0 0 0 0 0 32 83 155 190 232 261 345 271 197 186 83 13 0 0 0 0 0 0 0 0 0 0 0 0 0 0 0  </fenetre>
<fenetre> 0 0 0 0 0 0 0 0 0 0 0 1 8 21 57 49 46 49 203 517 481 319 152 103 36 6 0 0 0 0 0 0 0 0 0 0 0 0 0 0 0  </fenetre>
<fenetre> 0 0 0 0 0 0 0 0 0 0 0 0 0 9 30 64 66 60 160 511 621 268 136 95 22 6 0 0 0 0 0 0 0 0 0 0 0 0 0 0 0  </fenetre>
<fenetre> 0 0 0 0 0 0 0 0 0 0 0 0 0 0 27 90 129 162 226 414 479 129 99 76 91 95 30 1 0 0 0 0 0 0 0 0 0 0 0 0 0  </fenetre>
<fenetre> 0 0 0 0 0 0 0 0 0 0 0 0 0 2 22 29 89 124 208 477 573 225 137 98 51 13 0 0 0 0 0 0 0 0 0 0 0 0 0 0 0  </fenetre>
<fenetre> 0 0 0 0 0 0 0 0 0 0 0 0 0 15 37 55 86 164 258 301 413 334 240 96 38 9 2 0 0 0 0 0 0 0 0 0 0 0 0 0 0  </fenetre>
<fenetre> 0 0 0 0 0 0 0 0 0 0 0 0 0 0 0 13 71 231 384 338 378 323 158 63 45 36 8 0 0 0 0 0 0 0 0 0 0 0 0 0 0  </fenetre>
<fenetre> 0 0 0 0 0 0 0 0 0 0 0 0 3 22 75 78 55 114 256 369 316 268 301 137 48 6 0 0 0 0 0 0 0 0 0 0 0 0 0 0 0  </fenetre>
<fenetre> 0 0 0 0 0 0 0 0 0 0 0 0 0 18 67 139 129 171 232 230 227 302 170 145 130 88 0 0 0 0 0 0 0 0 0 0 0 0 0 0 0  </fenetre>
<fenetre> 0 0 0 0 0 0 0 0 0 0 0 0 0 0 0 0 0 0 3 903 1122 20 0 0 0 0 0 0 0 0 0 0 0 0 0 0 0 0 0 0 0  </fenetre>
<fenetre> 0 0 0 0 0 0 0 0 0 0 0 0 0 0 0 0 0 0 0 765 1280 3 0 0 0 0 0 0 0 0 0 0 0 0 0 0 0 0 0 0 0  </fenetre>
<fenetre> 0 0 0 0 0 0 0 0 0 0 0 0 0 0 0 0 5 3 29 166 1806 26 11 2 0 0 0 0 0 0 0 0 0 0 0 0 0 0 0 0 0  </fenetre>
<fenetre> 0 0 0 0 0 0 0 0 0 0 0 0 5 10 11 45 169 210 221 400 302 177 192 210 72 16 6 2 0 0 0 0 0 0 0 0 0 0 0 0 0  </fenetre>
<fenetre> 0 0 0 0 0 0 0 0 0 0 0 0 0 0 0 0 15 30 114 613 1124 99 51 1 1 0 0 0 0 0 0 0 0 0 0 0 0 0 0 0 0  </fenetre>
<fenetre> 0 0 0 0 0 0 0 0 0 0 0 0 0 0 1 67 172 178 190 455 392 181 147 132 79 33 21 0 0 0 0 0 0 0 0 0 0 0 0 0 0  </fenetre>
<fenetre> 0 0 0 0 0 0 0 0 0 0 0 0 0 4 17 103 234 156 195 225 269 271 328 149 64 33 0 0 0 0 0 0 0 0 0 0 0 0 0 0 0  </fenetre>
<fenetre> 0 0 0 0 0 0 0 0 0 0 0 0 4 11 27 119 89 79 246 395 378 304 187 148 52 9 0 0 0 0 0 0 0 0 0 0 0 0 0 0 0  </fenetre>
<fenetre> 0 0 0 0 0 0 0 0 0 0 0 0 0 0 2 8 40 220 422 325 402 332 155 80 44 15 3 0 0 0 0 0 0 0 0 0 0 0 0 0 0  </fenetre>
<fenetre> 0 0 0 0 0 0 0 0 0 0 0 0 0 0 0 3 34 148 297 504 515 367 147 32 1 0 0 0 0 0 0 0 0 0 0 0 0 0 0 0 0  </fenetre>
<fenetre> 0 0 0 0 0 0 0 0 0 0 0 0 0 0 11 60 162 148 197 385 438 273 170 146 50 6 2 0 0 0 0 0 0 0 0 0 0 0 0 0 0  </fenetre>
<fenetre> 0 0 0 0 0 0 0 0 0 0 0 0 4 24 48 96 76 123 204 345 367 312 211 146 88 4 0 0 0 0 0 0 0 0 0 0 0 0 0 0 0  </fenetre>
<fenetre> 0 0 0 0 0 0 0 0 0 0 0 0 0 0 2 48 127 155 245 403 354 356 218 135 5 0 0 0 0 0 0 0 0 0 0 0 0 0 0 0 0  </fenetre>
<fenetre> 0 0 0 0 0 0 0 0 0 0 0 0 0 4 20 36 68 175 245 463 467 290 146 65 30 17 15 3 4 0 0 0 0 0 0 0 0 0 0 0 0  </fenetre>
<fenetre> 0 0 0 0 0 0 0 0 0 0 0 1 8 37 86 110 172 164 144 166 219 277 301 213 141 8 1 0 0 0 0 0 0 0 0 0 0 0 0 0 0  </fenetre>
<fenetre> 0 0 0 0 0 0 0 0 0 0 0 0 0 2 14 12 19 43 111 668 965 100 70 25 3 7 8 1 0 0 0 0 0 0 0 0 0 0 0 0 0  </fenetre>
<fenetre> 0 0 0 0 0 0 0 0 0 0 0 0 0 2 9 18 27 62 121 550 985 149 60 32 28 5 0 0 0 0 0 0 0 0 0 0 0 0 0 0 0  </fenetre>
<fenetre> 0 0 0 0 0 0 0 0 0 0 0 0 0 0 0 0 7 45 118 695 966 178 26 10 3 0 0 0 0 0 0 0 0 0 0 0 0 0 0 0 0  </fenetre>
<fenetre> 0 0 0 0 0 0 0 0 0 0 0 0 0 0 0 0 0 0 1 856 1180 11 0 0 0 0 0 0 0 0 0 0 0 0 0 0 0 0 0 0 0  </fenetre>
<fenetre> 0 0 0 0 0 0 0 0 0 0 0 0 0 0 0 0 0 2 26 892 1071 55 2 0 0 0 0 0 0 0 0 0 0 0 0 0 0 0 0 0 0  </fenetre>
<fenetre> 0 0 0 0 0 0 0 0 0 0 0 0 0 0 0 0 0 0 0 842 1206 0 0 0 0 0 0 0 0 0 0 0 0 0 0 0 0 0 0 0 0  </fenetre>
<fenetre> 0 0 0 0 0 0 0 0 0 1 3 12 17 21 54 77 134 167 223 282 354 186 162 115 85 68 38 21 20 7 1 0 0 0 0 0 0 0 0 0 0  </fenetre>
<fenetre> 0 0 0 0 0 0 0 0 0 0 0 0 8 28 79 100 174 244 229 215 200 175 195 151 133 72 26 12 7 0 0 0 0 0 0 0 0 0 0 0 0  </fenetre>
<fenetre> 0 0 0 0 0 0 0 0 0 0 0 4 7 22 31 59 136 208 275 289 256 219 208 146 117 42 16 8 4 1 0 0 0 0 0 0 0 0 0 0 0  </fenetre>
<fenetre> 0 0 0 0 0 0 0 0 0 0 1 0 3 9 29 50 121 200 271 308 332 274 212 139 55 29 11 3 1 0 0 0 0 0 0 0 0 0 0 0 0  </fenetre>
<fenetre> 0 0 0 0 0 0 0 0 0 0 0 0 5 18 32 74 140 188 236 287 296 270 217 147 78 45 10 4 1 0 0 0 0 0 0 0 0 0 0 0 0  </fenetre>
<fenetre> 0 0 0 0 0 0 0 0 0 0 0 1 5 20 50 97 148 220 200 263 293 248 191 148 81 49 26 7 1 0 0 0 0 0 0 0 0 0 0 0 0  </fenetre>
<fenetre> 0 0 0 0 0 0 0 0 0 2 3 4 6 23 58 101 107 181 205 261 291 305 228 128 94 41 9 1 0 0 0 0 0 0 0 0 0 0 0 0 0  </fenetre>
<fenetre> 0 0 0 0 0 0 0 0 0 0 0 1 12 22 53 110 139 155 207 253 259 277 211 176 96 58 12 7 0 0 0 0 0 0 0 0 0 0 0 0 0  </fenetre>
<fenetre> 0 0 0 0 0 0 0 0 0 0 0 5 13 37 66 111 139 161 199 217 268 267 199 169 109 62 25 1 0 0 0 0 0 0 0 0 0 0 0 0 0  </fenetre>
<fenetre> 0 0 0 0 0 0 0 0 0 0 0 0 0 5 22 62 122 221 314 324 290 232 207 117 88 33 7 4 0 0 0 0 0 0 0 0 0 0 0 0 0  </fenetre>
<fenetre> 0 0 0 0 0 0 0 0 0 0 0 0 0 3 16 56 175 200 256 301 295 281 208 115 84 38 19 1 0 0 0 0 0 0 0 0 0 0 0 0 0  </fenetre>
<fenetre> 0 0 0 0 0 0 0 0 0 0 0 0 0 1 10 53 137 251 281 321 305 264 192 101 78 41 11 2 0 0 0 0 0 0 0 0 0 0 0 0 0  </fenetre>
<fenetre> 0 0 0 0 0 0 0 0 0 0 0 0 0 3 10 48 117 218 299 334 339 259 205 115 66 29 6 0 0 0 0 0 0 0 0 0 0 0 0 0 0  </fenetre>
<fenetre> 0 0 0 0 0 0 0 0 0 0 0 0 1 7 21 64 152 191 257 270 330 299 231 117 60 31 13 4 0 0 0 0 0 0 0 0 0 0 0 0 0  </fenetre>
<fenetre> 0 0 0 0 0 0 0 0 0 0 0 0 0 6 28 67 171 266 278 277 267 186 186 151 95 44 19 6 1 0 0 0 0 0 0 0 0 0 0 0 0  </fenetre>
<fenetre> 0 0 0 0 0 0 0 0 0 0 0 0 0 8 31 74 176 226 259 271 264 195 160 176 113 66 22 7 0 0 0 0 0 0 0 0 0 0 0 0 0  </fenetre>
<fenetre> 0 0 0 0 0 0 0 0 0 0 0 0 0 4 29 88 142 221 266 307 297 227 161 124 79 56 32 12 3 0 0 0 0 0 0 0 0 0 0 0 0  </fenetre>
<fenetre> 0 0 0 0 0 0 0 0 0 0 0 0 0 0 11 83 148 207 318 383 350 177 101 67 59 67 48 26 3 0 0 0 0 0 0 0 0 0 0 0 0  </fenetre>
<fenetre> 0 0 0 0 0 0 0 0 0 0 0 0 0 2 24 74 119 145 266 437 377 216 131 76 48 64 47 20 2 0 0 0 0 0 0 0 0 0 0 0 0  </fenetre>
<fenetre> 0 0 0 0 0 0 0 0 0 0 0 0 0 2 54 94 110 113 182 339 459 352 171 82 46 33 8 3 0 0 0 0 0 0 0 0 0 0 0 0 0  </fenetre>
<fenetre> 0 0 0 0 0 0 0 0 0 0 0 0 0 3 46 92 115 135 258 309 327 329 222 120 74 17 1 0 0 0 0 0 0 0 0 0 0 0 0 0 0  </fenetre>
<fenetre> 0 0 0 0 0 0 0 0 0 0 0 0 0 1 11 99 145 216 225 242 349 334 192 108 82 38 6 0 0 0 0 0 0 0 0 0 0 0 0 0 0  </fenetre>
<fenetre> 0 0 0 0 0 0 0 0 0 0 0 0 0 0 23 87 128 277 260 259 286 277 177 108 99 64 3 0 0 0 0 0 0 0 0 0 0 0 0 0 0  </fenetre>
<fenetre> 0 0 0 0 0 0 0 0 0 1 3 6 4 7 36 74 210 230 217 209 247 238 197 174 116 44 19 7 6 3 0 0 0 0 0 0 0 0 0 0 0  </fenetre>
<fenetre> 0 0 0 0 0 0 0 0 0 0 0 0 1 3 21 64 158 214 258 334 271 271 175 128 99 37 10 4 0 0 0 0 0 0 0 0 0 0 0 0 0  </fenetre>
<fenetre> 0 0 0 0 0 0 0 0 0 0 0 2 2 6 10 45 79 174 355 407 327 259 187 116 56 16 4 3 0 0 0 0 0 0 0 0 0 0 0 0 0  </fenetre>
<fenetre> 0 0 0 0 0 0 0 0 0 0 0 0 0 2 4 30 93 183 282 409 446 260 158 100 67 14 0 0 0 0 0 0 0 0 0 0 0 0 0 0 0  </fenetre>
<fenetre> 0 0 0 0 0 0 0 0 0 0 0 0 0 1 5 20 39 59 222 609 712 242 72 45 19 3 0 0 0 0 0 0 0 0 0 0 0 0 0 0 0  </fenetre>
<fenetre> 0 0 0 0 0 0 0 0 0 0 0 0 0 0 6 41 74 122 248 514 503 267 137 99 37 0 0 0 0 0 0 0 0 0 0 0 0 0 0 0 0  </fenetre>
<fenetre> 0 0 0 0 0 0 0 0 0 0 0 0 0 0 0 33 77 86 119 560 854 113 87 71 48 0 0 0 0 0 0 0 0 0 0 0 0 0 0 0 0  </fenetre>
<fenetre> 0 0 0 0 0 0 0 0 0 0 0 0 0 0 11 98 132 219 302 291 268 223 190 155 106 41 12 0 0 0 0 0 0 0 0 0 0 0 0 0 0  </fenetre>
<fenetre> 0 0 0 0 0 0 0 0 0 0 0 0 0 0 0 8 26 45 188 659 834 193 59 27 9 0 0 0 0 0 0 0 0 0 0 0 0 0 0 0 0  </fenetre>
<fenetre> 0 0 0 0 0 0 0 0 0 0 0 0 1 11 26 66 79 100 131 519 710 131 85 78 43 43 20 5 0 0 0 0 0 0 0 0 0 0 0 0 0  </fenetre>
<fenetre> 0 0 0 0 0 0 0 0 0 0 0 0 0 2 18 100 144 157 213 414 412 125 134 149 129 45 6 0 0 0 0 0 0 0 0 0 0 0 0 0 0  </fenetre>
<fenetre> 0 0 0 0 0 0 0 0 0 0 0 0 0 1 18 51 163 281 252 275 325 241 125 149 127 26 9 4 1 0 0 0 0 0 0 0 0 0 0 0 0  </fenetre>
<fenetre> 0 0 0 0 0 0 0 0 0 0 0 0 0 0 5 26 57 148 405 451 316 268 196 129 46 1 0 0 0 0 0 0 0 0 0 0 0 0 0 0 0  </fenetre>
<fenetre> 0 0 0 0 0 0 0 0 0 0 0 0 0 0 0 8 44 165 336 483 467 247 205 85 8 0 0 0 0 0 0 0 0 0 0 0 0 0 0 0 0  </fenetre>
<fenetre> 0 0 0 0 0 0 0 0 0 0 0 0 0 0 0 5 41 131 171 601 704 202 155 33 5 0 0 0 0 0 0 0 0 0 0 0 0 0 0 0 0  </fenetre>
<fenetre> 0 0 0 0 0 0 0 0 0 0 0 0 0 13 59 60 58 119 252 356 453 322 181 102 60 13 0 0 0 0 0 0 0 0 0 0 0 0 0 0 0  </fenetre>
<fenetre> 0 0 0 0 0 0 0 0 0 0 0 0 0 0 0 0 0 17 86 851 938 129 20 7 0 0 0 0 0 0 0 0 0 0 0 0 0 0 0 0 0  </fenetre>
<fenetre> 0 0 0 0 0 0 0 0 0 0 0 0 0 0 2 29 124 319 364 276 223 238 162 129 122 60 0 0 0 0 0 0 0 0 0 0 0 0 0 0 0  </fenetre>
<fenetre> 0 0 0 0 0 0 0 0 0 0 0 0 0 0 1 33 53 121 188 625 710 119 62 31 41 40 15 5 4 0 0 0 0 0 0 0 0 0 0 0 0  </fenetre>
<fenetre> 0 0 0 0 0 0 0 0 0 0 0 0 0 0 9 74 254 345 223 209 174 181 167 157 104 111 40 0 0 0 0 0 0 0 0 0 0 0 0 0 0  </fenetre>
<fenetre> 0 0 0 0 0 0 0 0 0 0 0 0 0 0 2 88 282 208 155 313 375 126 115 102 123 152 7 0 0 0 0 0 0 0 0 0 0 0 0 0 0  </fenetre>
<fenetre> 0 0 0 0 0 0 0 0 0 0 0 1 0 0 12 44 93 111 142 528 720 111 111 106 46 22 1 0 0 0 0 0 0 0 0 0 0 0 0 0 0  </fenetre>
<fenetre> 0 0 0 0 0 0 0 0 0 0 0 0 0 0 0 0 6 54 188 722 837 165 66 10 0 0 0 0 0 0 0 0 0 0 0 0 0 0 0 0 0  </fenetre>
<fenetre> 0 0 0 0 0 0 0 0 0 0 0 0 0 2 29 125 214 194 170 279 330 173 136 159 172 60 5 0 0 0 0 0 0 0 0 0 0 0 0 0 0  </fenetre>
<fenetre> 0 0 0 0 0 0 0 0 0 0 0 0 1 7 36 60 101 187 363 363 259 169 159 148 121 59 15 0 0 0 0 0 0 0 0 0 0 0 0 0 0  </fenetre>
<fenetre> 0 0 0 0 0 0 0 0 0 0 0 0 0 0 0 182 367 226 186 141 142 140 117 156 215 175 1 0 0 0 0 0 0 0 0 0 0 0 0 0 0  </fenetre>
<fenetre> 0 0 0 0 0 0 0 0 0 0 0 0 0 0 52 181 169 153 178 228 283 252 173 148 160 70 1 0 0 0 0 0 0 0 0 0 0 0 0 0 0  </fenetre>
<fenetre> 0 0 0 0 0 0 0 0 0 0 0 0 0 0 7 52 98 156 311 427 361 296 167 94 38 24 17 0 0 0 0 0 0 0 0 0 0 0 0 0 0  </fenetre>
<fenetre> 0 0 0 0 0 0 0 0 0 0 0 0 0 0 0 41 110 225 222 445 461 166 137 133 70 36 2 0 0 0 0 0 0 0 0 0 0 0 0 0 0  </fenetre>
<fenetre> 0 0 0 0 0 0 0 0 0 0 0 0 0 0 22 46 113 265 320 341 265 216 181 120 63 58 33 5 0 0 0 0 0 0 0 0 0 0 0 0 0  </fenetre>
<fenetre> 0 0 0 0 0 0 0 0 0 0 0 0 0 11 42 48 74 204 245 296 374 412 200 62 54 25 1 0 0 0 0 0 0 0 0 0 0 0 0 0 0  </fenetre>
<fenetre> 0 0 0 0 0 0 0 0 0 0 0 0 0 0 1 24 73 155 254 511 497 318 101 52 45 17 0 0 0 0 0 0 0 0 0 0 0 0 0 0 0  </fenetre>
<fenetre> 0 0 0 0 0 0 0 0 0 0 0 0 0 0 0 0 0 28 227 581 886 322 4 0 0 0 0 0 0 0 0 0 0 0 0 0 0 0 0 0 0  </fenetre>
<fenetre> 0 0 0 0 0 0 0 0 0 0 0 0 0 19 44 32 84 213 325 263 331 317 162 135 101 21 1 0 0 0 0 0 0 0 0 0 0 0 0 0 0  </fenetre>
<fenetre> 0 0 0 0 0 0 0 0 0 0 0 0 0 2 55 107 170 189 209 183 244 290 391 149 57 2 0 0 0 0 0 0 0 0 0 0 0 0 0 0 0  </fenetre>
<fenetre> 0 0 0 0 0 0 0 0 0 0 0 0 0 1 9 17 45 209 385 450 381 240 110 68 79 33 20 1 0 0 0 0 0 0 0 0 0 0 0 0 0  </fenetre>
<fenetre> 0 0 0 0 0 0 0 0 0 0 0 0 0 0 4 34 106 179 285 353 429 366 157 75 51 8 1 0 0 0 0 0 0 0 0 0 0 0 0 0 0  </fenetre>
<fenetre> 0 0 0 0 0 0 0 0 0 0 0 0 0 0 10 43 103 155 285 461 369 311 137 90 40 24 13 7 0 0 0 0 0 0 0 0 0 0 0 0 0  </fenetre>
<fenetre> 0 0 0 0 0 0 0 0 0 0 0 0 0 0 0 1 36 84 360 514 536 368 95 34 20 0 0 0 0 0 0 0 0 0 0 0 0 0 0 0 0  </fenetre>
<fenetre> 0 0 0 0 0 0 0 0 0 0 0 0 0 0 0 12 116 316 326 396 310 177 102 101 116 69 7 0 0 0 0 0 0 0 0 0 0 0 0 0 0  </fenetre>
<fenetre> 0 0 0 0 0 0 0 0 0 0 0 0 0 0 0 7 30 72 287 633 600 284 55 42 36 2 0 0 0 0 0 0 0 0 0 0 0 0 0 0 0  </fenetre>
<fenetre> 0 0 0 0 0 0 0 0 0 0 0 0 0 11 52 80 189 190 183 229 243 259 333 242 35 2 0 0 0 0 0 0 0 0 0 0 0 0 0 0 0  </fenetre>
<fenetre> 0 0 0 0 0 0 0 0 0 0 0 0 0 0 44 77 131 221 269 256 235 226 332 193 57 7 0 0 0 0 0 0 0 0 0 0 0 0 0 0 0  </fenetre>
<fenetre> 0 0 0 0 0 0 0 0 0 0 0 0 0 0 2 34 88 198 310 431 384 311 121 68 56 34 10 1 0 0 0 0 0 0 0 0 0 0 0 0 0  </fenetre>
<fenetre> 0 0 0 0 0 0 0 0 0 0 0 0 0 8 33 97 167 133 168 343 333 311 244 101 85 25 0 0 0 0 0 0 0 0 0 0 0 0 0 0 0  </fenetre>
<fenetre> 0 0 0 0 0 0 0 0 0 0 0 0 0 0 30 124 140 137 185 296 369 256 337 111 46 17 0 0 0 0 0 0 0 0 0 0 0 0 0 0 0  </fenetre>
<fenetre> 0 0 0 0 0 0 0 0 0 0 0 0 7 23 40 47 39 42 85 586 699 237 138 79 23 3 0 0 0 0 0 0 0 0 0 0 0 0 0 0 0  </fenetre>
<fenetre> 0 0 0 0 0 0 0 0 0 0 0 0 1 25 33 35 31 44 275 465 614 323 80 78 33 5 5 1 0 0 0 0 0 0 0 0 0 0 0 0 0  </fenetre>
<fenetre> 0 0 0 0 0 0 0 0 0 0 0 0 0 2 14 18 58 118 161 591 688 193 91 52 31 26 5 0 0 0 0 0 0 0 0 0 0 0 0 0 0  </fenetre>
<fenetre> 0 0 0 0 0 0 0 0 0 0 0 0 0 0 0 32 59 125 252 500 575 266 146 71 22 0 0 0 0 0 0 0 0 0 0 0 0 0 0 0 0  </fenetre>
<fenetre> 0 0 0 0 0 0 0 0 0 0 0 0 0 0 0 5 47 178 217 552 700 116 88 63 42 18 10 10 2 0 0 0 0 0 0 0 0 0 0 0 0  </fenetre>
<fenetre> 0 0 0 0 0 0 0 0 0 0 0 0 0 19 49 94 168 151 144 198 315 448 274 157 30 1 0 0 0 0 0 0 0 0 0 0 0 0 0 0 0  </fenetre>
<fenetre> 0 0 0 0 0 0 0 0 0 0 2 0 12 17 51 76 125 186 209 273 280 279 275 160 63 27 13 0 0 0 0 0 0 0 0 0 0 0 0 0 0  </fenetre>
<fenetre> 0 0 0 0 0 0 0 0 0 0 0 0 0 0 0 2 7 24 86 660 1123 99 24 12 3 3 4 1 0 0 0 0 0 0 0 0 0 0 0 0 0  </fenetre>
<fenetre> 0 0 0 0 0 0 0 0 0 0 0 0 0 0 24 145 163 244 337 287 168 119 119 132 136 143 30 1 0 0 0 0 0 0 0 0 0 0 0 0 0  </fenetre>
<fenetre> 0 0 0 0 0 0 0 0 0 0 0 0 0 0 3 88 242 272 276 253 167 136 146 199 173 93 0 0 0 0 0 0 0 0 0 0 0 0 0 0 0  </fenetre>
<fenetre> 0 0 0 0 0 0 0 0 0 0 0 0 0 0 2 63 145 197 289 296 336 326 161 163 64 6 0 0 0 0 0 0 0 0 0 0 0 0 0 0 0  </fenetre>
<fenetre> 0 0 0 0 0 0 0 0 0 0 0 0 0 0 0 15 91 212 274 424 470 279 148 53 28 28 18 8 0 0 0 0 0 0 0 0 0 0 0 0 0  </fenetre>
<fenetre> 0 0 0 0 0 0 0 0 0 0 0 0 0 0 0 72 235 170 173 338 458 146 134 135 185 2 0 0 0 0 0 0 0 0 0 0 0 0 0 0 0  </fenetre>
<fenetre> 0 0 0 0 0 0 0 0 0 0 0 0 0 0 6 24 64 94 205 564 734 117 100 80 36 19 5 0 0 0 0 0 0 0 0 0 0 0 0 0 0  </fenetre>
<fenetre> 0 0 0 0 0 0 0 0 0 0 0 0 0 0 0 0 0 7 95 807 995 102 40 2 0 0 0 0 0 0 0 0 0 0 0 0 0 0 0 0 0  </fenetre>
<fenetre> 0 0 0 0 0 0 0 0 0 0 0 0 0 0 0 5 37 108 273 671 577 185 72 55 62 3 0 0 0 0 0 0 0 0 0 0 0 0 0 0 0  </fenetre>
<fenetre> 0 0 0 0 0 0 0 0 0 0 0 0 0 0 0 46 224 186 280 282 297 324 136 97 93 64 19 0 0 0 0 0 0 0 0 0 0 0 0 0 0  </fenetre>
<fenetre> 0 0 0 0 0 0 0 0 0 0 0 0 0 0 39 46 42 51 87 662 817 118 61 70 40 15 0 0 0 0 0 0 0 0 0 0 0 0 0 0 0  </fenetre>
<fenetre> 0 0 0 0 0 0 0 0 0 0 0 0 0 0 4 45 67 102 394 367 495 325 111 72 32 17 16 1 0 0 0 0 0 0 0 0 0 0 0 0 0  </fenetre>
<fenetre> 0 0 0 0 0 0 0 0 0 0 0 0 0 0 7 39 103 229 338 295 335 275 251 123 27 23 3 0 0 0 0 0 0 0 0 0 0 0 0 0 0  </fenetre>
<fenetre> 0 0 0 0 0 0 0 0 0 0 0 0 0 0 0 16 48 119 195 585 736 148 87 54 45 13 2 0 0 0 0 0 0 0 0 0 0 0 0 0 0  </fenetre>
<fenetre> 0 0 0 0 0 0 0 0 0 0 0 0 2 20 37 53 63 154 284 342 446 291 151 112 74 17 2 0 0 0 0 0 0 0 0 0 0 0 0 0 0  </fenetre>
<fenetre> 0 0 0 0 0 0 0 0 0 0 0 0 0 0 0 0 0 36 72 519 1297 84 26 14 0 0 0 0 0 0 0 0 0 0 0 0 0 0 0 0 0  </fenetre>
<fenetre> 0 0 0 0 0 0 0 0 0 0 0 0 1 6 25 55 58 99 181 579 595 182 92 75 62 33 5 0 0 0 0 0 0 0 0 0 0 0 0 0 0  </fenetre>
<fenetre> 0 0 0 0 0 0 0 0 0 0 0 0 1 14 38 55 68 97 185 490 614 211 88 67 57 46 16 1 0 0 0 0 0 0 0 0 0 0 0 0 0  </fenetre>
<fenetre> 0 0 0 0 0 0 0 0 0 0 0 1 2 3 12 28 35 91 258 561 575 286 99 32 29 28 8 0 0 0 0 0 0 0 0 0 0 0 0 0 0  </fenetre>
<fenetre> 0 0 0 0 0 0 0 0 0 0 0 0 1 26 71 178 156 172 198 182 212 193 233 223 130 50 23 0 0 0 0 0 0 0 0 0 0 0 0 0 0  </fenetre>
<fenetre> 0 0 0 0 0 0 0 0 0 0 0 0 0 0 0 10 88 213 373 471 313 211 109 115 96 40 9 0 0 0 0 0 0 0 0 0 0 0 0 0 0  </fenetre>
<fenetre> 0 0 0 0 0 0 0 0 0 0 0 0 0 1 5 46 129 120 139 447 737 138 95 72 99 19 1 0 0 0 0 0 0 0 0 0 0 0 0 0 0  </fenetre>
<fenetre> 0 0 0 0 0 0 0 0 0 0 0 0 0 0 0 0 0 0 0 839 1207 2 0 0 0 0 0 0 0 0 0 0 0 0 0 0 0 0 0 0 0  </fenetre>
<fenetre> 0 0 0 0 0 0 0 0 0 0 0 0 0 0 0 0 0 0 1 828 1216 3 0 0 0 0 0 0 0 0 0 0 0 0 0 0 0 0 0 0 0  </fenetre>
<fenetre> 0 0 0 0 0 0 0 0 0 0 0 0 0 6 31 31 42 48 78 490 1040 125 71 31 37 14 4 0 0 0 0 0 0 0 0 0 0 0 0 0 0  </fenetre>
<fenetre> 0 0 0 0 0 0 0 0 0 0 0 0 0 6 32 49 103 161 255 392 403 302 148 76 69 38 11 3 0 0 0 0 0 0 0 0 0 0 0 0 0  </fenetre>
<fenetre> 0 0 0 0 0 0 0 0 0 0 0 0 0 0 14 46 75 163 332 431 336 264 201 110 54 20 2 0 0 0 0 0 0 0 0 0 0 0 0 0 0  </fenetre>
<fenetre> 0 0 0 0 0 0 0 0 0 0 0 0 0 0 1 8 32 105 255 574 648 245 124 34 19 3 0 0 0 0 0 0 0 0 0 0 0 0 0 0 0  </fenetre>
<fenetre> 0 0 0 0 0 0 0 0 0 0 0 0 0 1 27 53 98 165 360 402 268 243 211 103 70 28 16 3 0 0 0 0 0 0 0 0 0 0 0 0 0  </fenetre>
<fenetre> 0 0 0 0 0 0 0 0 0 0 0 0 0 0 0 2 0 1 61 577 1329 72 4 0 2 0 0 0 0 0 0 0 0 0 0 0 0 0 0 0 0  </fenetre>
<fenetre> 0 0 0 0 0 0 0 0 0 0 0 0 0 0 5 29 97 261 247 399 435 226 124 90 78 37 18 2 0 0 0 0 0 0 0 0 0 0 0 0 0  </fenetre>
<fenetre> 0 0 0 0 0 0 0 0 0 0 0 0 0 0 33 97 120 129 111 401 614 184 148 93 61 38 19 0 0 0 0 0 0 0 0 0 0 0 0 0 0  </fenetre>
<fenetre> 0 0 0 0 0 0 0 0 0 0 0 0 0 0 0 17 27 78 217 700 674 212 47 26 20 20 10 0 0 0 0 0 0 0 0 0 0 0 0 0 0  </fenetre>
<fenetre> 0 0 0 0 0 0 0 0 0 0 0 0 0 7 45 47 65 106 154 481 633 275 104 52 40 24 13 2 0 0 0 0 0 0 0 0 0 0 0 0 0  </fenetre>
<fenetre> 0 0 0 0 0 0 0 0 0 0 0 0 1 1 19 43 69 109 123 529 746 160 109 73 48 15 3 0 0 0 0 0 0 0 0 0 0 0 0 0 0  </fenetre>
<fenetre> 0 0 0 0 0 0 0 0 0 0 0 0 0 6 36 59 99 100 205 478 520 224 117 87 70 44 3 0 0 0 0 0 0 0 0 0 0 0 0 0 0  </fenetre>
<fenetre> 0 0 0 0 0 0 0 0 0 0 0 0 0 0 0 5 32 78 190 587 860 181 67 17 15 10 3 3 0 0 0 0 0 0 0 0 0 0 0 0 0  </fenetre>
<fenetre> 0 0 0 0 0 0 0 0 0 0 0 0 0 0 0 6 30 28 186 597 995 77 53 53 20 3 0 0 0 0 0 0 0 0 0 0 0 0 0 0 0  </fenetre>
<fenetre> 0 0 0 0 0 0 0 0 0 0 0 0 0 0 0 10 59 167 271 570 582 162 80 36 29 50 28 4 0 0 0 0 0 0 0 0 0 0 0 0 0  </fenetre>
<fenetre> 0 0 0 0 0 0 0 0 0 0 0 0 0 0 0 28 29 176 388 368 376 472 149 30 26 6 0 0 0 0 0 0 0 0 0 0 0 0 0 0 0  </fenetre>
<fenetre> 0 0 0 0 0 0 0 0 0 0 0 1 4 12 26 47 80 147 202 494 534 165 95 93 82 37 21 7 1 0 0 0 0 0 0 0 0 0 0 0 0  </fenetre>
<fenetre> 0 0 0 0 0 0 0 0 0 0 0 0 0 0 0 4 13 43 73 636 1163 47 32 35 2 0 0 0 0 0 0 0 0 0 0 0 0 0 0 0 0  </fenetre>
<fenetre> 0 0 0 0 0 0 0 0 0 0 0 0 0 0 2 32 106 179 177 573 594 87 72 79 93 48 6 0 0 0 0 0 0 0 0 0 0 0 0 0 0  </fenetre>
<fenetre> 0 0 0 0 0 0 0 0 0 0 0 0 0 0 7 45 160 379 369 214 156 178 130 138 182 79 10 1 0 0 0 0 0 0 0 0 0 0 0 0 0  </fenetre>
<fenetre> 0 0 0 0 0 0 0 0 0 0 0 0 0 1 13 57 108 150 269 402 424 278 148 91 85 20 2 0 0 0 0 0 0 0 0 0 0 0 0 0 0  </fenetre>
<fenetre> 0 0 0 0 0 0 0 0 0 0 0 0 0 0 0 4 16 109 270 613 624 289 93 28 2 0 0 0 0 0 0 0 0 0 0 0 0 0 0 0 0  </fenetre>
<fenetre> 0 0 0 0 0 0 0 0 0 0 0 0 0 1 4 44 158 277 198 369 381 167 148 150 105 24 19 3 0 0 0 0 0 0 0 0 0 0 0 0 0  </fenetre>
<fenetre> 0 0 0 0 0 0 0 0 0 0 0 0 0 0 1 5 62 184 250 583 497 219 103 56 51 35 2 0 0 0 0 0 0 0 0 0 0 0 0 0 0  </fenetre>
<fenetre> 0 0 0 0 0 0 0 0 0 0 0 0 0 0 0 12 90 147 238 517 591 232 97 50 28 25 15 6 0 0 0 0 0 0 0 0 0 0 0 0 0  </fenetre>
<fenetre> 0 0 0 0 0 0 0 0 0 0 0 0 0 0 0 12 62 304 317 314 340 412 150 60 40 32 5 0 0 0 0 0 0 0 0 0 0 0 0 0 0  </fenetre>
<fenetre> 0 0 0 0 0 0 0 0 0 0 0 0 0 0 0 28 78 181 274 390 439 344 270 41 3 0 0 0 0 0 0 0 0 0 0 0 0 0 0 0 0  </fenetre>
<fenetre> 0 0 0 0 0 0 0 0 0 0 1 3 16 18 34 48 78 138 251 417 414 278 154 67 38 49 28 14 2 0 0 0 0 0 0 0 0 0 0 0 0  </fenetre>
<fenetre> 0 0 0 0 0 0 0 0 0 0 0 0 0 0 3 11 47 65 65 744 891 96 64 44 16 2 0 0 0 0 0 0 0 0 0 0 0 0 0 0 0  </fenetre>
<fenetre> 0 0 0 0 0 0 0 0 0 0 0 0 0 0 0 0 0 0 37 886 1071 54 0 0 0 0 0 0 0 0 0 0 0 0 0 0 0 0 0 0 0  </fenetre>
<fenetre> 0 0 0 0 0 0 0 0 0 0 0 0 0 0 0 0 0 8 34 662 1295 39 9 1 0 0 0 0 0 0 0 0 0 0 0 0 0 0 0 0 0  </fenetre>
<fenetre> 0 0 0 0 0 0 0 0 0 0 0 0 0 0 6 12 25 80 180 669 737 219 67 24 7 5 4 5 7 1 0 0 0 0 0 0 0 0 0 0 0  </fenetre>
<fenetre> 0 0 0 0 0 0 0 0 0 0 0 0 0 1 7 14 39 103 266 585 604 230 94 36 30 28 9 2 0 0 0 0 0 0 0 0 0 0 0 0 0  </fenetre>
<fenetre> 0 0 0 0 0 0 0 0 0 0 0 0 3 42 52 42 43 121 220 546 415 233 130 73 95 33 0 0 0 0 0 0 0 0 0 0 0 0 0 0 0  </fenetre>
<fenetre> 0 0 0 0 0 0 0 0 0 0 0 0 0 0 53 89 112 217 333 286 227 185 139 212 143 42 8 2 0 0 0 0 0 0 0 0 0 0 0 0 0  </fenetre>
<fenetre> 0 0 0 0 0 0 0 0 0 0 0 0 0 0 0 0 37 205 253 497 594 169 172 118 3 0 0 0 0 0 0 0 0 0 0 0 0 0 0 0 0  </fenetre>
<fenetre> 0 0 0 0 0 0 0 0 0 0 0 0 0 0 2 8 26 89 207 655 702 233 75 17 9 10 14 1 0 0 0 0 0 0 0 0 0 0 0 0 0  </fenetre>
<fenetre> 0 0 0 0 0 0 0 0 0 0 0 0 0 0 1 85 253 291 301 201 185 136 152 162 155 114 11 1 0 0 0 0 0 0 0 0 0 0 0 0 0  </fenetre>
<fenetre> 0 0 0 0 0 0 0 0 0 0 0 0 0 2 8 27 89 265 365 307 288 274 197 114 83 29 0 0 0 0 0 0 0 0 0 0 0 0 0 0 0  </fenetre>
<fenetre> 0 0 0 0 0 0 0 0 0 0 0 0 0 0 0 0 0 21 118 532 1234 88 49 6 0 0 0 0 0 0 0 0 0 0 0 0 0 0 0 0 0  </fenetre>
<fenetre> 0 0 0 0 0 0 0 0 0 0 0 0 0 0 0 4 17 52 95 279 1449 60 36 29 16 10 1 0 0 0 0 0 0 0 0 0 0 0 0 0 0  </fenetre>
<fenetre> 0 0 0 0 0 0 0 0 0 0 0 0 0 0 0 0 5 67 235 576 893 176 66 26 4 0 0 0 0 0 0 0 0 0 0 0 0 0 0 0 0  </fenetre>
<fenetre> 0 0 0 0 0 0 0 0 0 0 0 4 8 22 34 55 123 117 109 364 495 349 194 133 37 4 0 0 0 0 0 0 0 0 0 0 0 0 0 0 0  </fenetre>
<fenetre> 0 0 0 0 0 0 0 0 0 0 0 0 0 0 24 46 64 51 117 598 790 134 92 70 47 14 1 0 0 0 0 0 0 0 0 0 0 0 0 0 0  </fenetre>
<fenetre> 0 0 0 0 0 0 0 0 0 0 0 0 0 4 24 62 76 107 266 413 435 365 166 103 23 4 0 0 0 0 0 0 0 0 0 0 0 0 0 0 0  </fenetre>
<fenetre> 0 0 0 0 0 0 0 0 0 0 0 0 0 0 0 0 0 0 25 471 1520 32 0 0 0 0 0 0 0 0 0 0 0 0 0 0 0 0 0 0 0  </fenetre>
<fenetre> 0 0 0 0 0 0 0 0 0 0 0 0 0 0 0 1 2 10 47 742 1184 48 11 3 0 0 0 0 0 0 0 0 0 0 0 0 0 0 0 0 0  </fenetre>
<fenetre> 0 0 0 0 0 0 0 0 0 0 0 0 0 0 0 0 0 1 26 829 1149 42 1 0 0 0 0 0 0 0 0 0 0 0 0 0 0 0 0 0 0  </fenetre>
<fenetre> 0 0 0 0 0 0 0 0 0 0 0 0 0 0 0 0 4 33 114 590 1144 121 37 5 0 0 0 0 0 0 0 0 0 0 0 0 0 0 0 0 0  </fenetre>
<fenetre> 0 0 0 0 0 0 0 0 0 0 0 3 8 22 35 41 56 138 339 323 364 428 121 56 49 26 25 13 1 0 0 0 0 0 0 0 0 0 0 0 0  </fenetre>
<fenetre> 0 0 0 0 0 0 0 0 0 0 0 0 0 1 20 59 188 338 259 215 228 204 199 116 127 50 31 12 1 0 0 0 0 0 0 0 0 0 0 0 0  </fenetre>
<fenetre> 0 0 0 0 0 0 0 0 0 0 0 0 0 0 4 37 125 244 312 361 270 237 217 163 47 23 7 1 0 0 0 0 0 0 0 0 0 0 0 0 0  </fenetre>
<fenetre> 0 0 0 0 0 0 0 0 0 0 0 0 0 0 2 35 41 107 271 581 587 197 80 63 59 14 8 2 1 0 0 0 0 0 0 0 0 0 0 0 0  </fenetre>
<fenetre> 0 0 0 0 0 0 0 0 0 0 0 0 0 0 0 17 82 86 85 537 971 98 62 64 46 0 0 0 0 0 0 0 0 0 0 0 0 0 0 0 0  </fenetre>
<fenetre> 0 0 0 0 0 0 0 0 0 0 0 0 0 0 9 101 138 211 311 302 253 203 221 107 122 59 11 0 0 0 0 0 0 0 0 0 0 0 0 0 0  </fenetre>
<fenetre> 0 0 0 0 0 0 0 0 0 0 0 0 0 0 14 41 101 228 328 339 358 251 134 131 74 30 13 6 0 0 0 0 0 0 0 0 0 0 0 0 0  </fenetre>
<fenetre> 0 0 0 0 0 0 0 0 0 0 0 0 0 0 0 127 271 182 174 293 318 171 147 112 130 115 8 0 0 0 0 0 0 0 0 0 0 0 0 0 0  </fenetre>
<fenetre> 0 0 0 0 0 0 0 0 0 0 0 0 0 0 4 35 56 67 105 676 864 92 43 44 22 22 15 3 0 0 0 0 0 0 0 0 0 0 0 0 0  </fenetre>
<fenetre> 0 0 0 0 0 0 0 0 0 0 0 0 0 0 0 4 30 120 291 533 627 296 67 31 35 10 4 0 0 0 0 0 0 0 0 0 0 0 0 0 0  </fenetre>
<fenetre> 0 0 0 0 0 0 0 0 0 0 0 0 0 1 27 56 121 180 219 334 507 232 150 120 56 31 12 2 0 0 0 0 0 0 0 0 0 0 0 0 0  </fenetre>
<fenetre> 0 0 0 0 0 0 0 0 0 0 0 0 0 0 0 3 138 173 300 356 375 316 292 95 0 0 0 0 0 0 0 0 0 0 0 0 0 0 0 0 0  </fenetre>
<fenetre> 0 0 0 0 0 0 0 0 0 0 0 0 0 2 24 63 57 125 209 509 566 219 103 63 73 31 4 0 0 0 0 0 0 0 0 0 0 0 0 0 0  </fenetre>
<fenetre> 0 0 0 0 0 0 0 0 0 0 0 0 0 3 9 45 87 82 185 550 730 111 75 56 54 54 7 0 0 0 0 0 0 0 0 0 0 0 0 0 0  </fenetre>
<fenetre> 0 0 0 0 0 0 0 0 0 0 0 0 0 0 16 76 64 73 133 430 817 191 129 66 43 10 0 0 0 0 0 0 0 0 0 0 0 0 0 0 0  </fenetre>
<fenetre> 0 0 0 0 0 0 0 0 0 0 0 0 0 0 3 16 74 170 400 430 465 164 104 122 46 26 22 4 2 0 0 0 0 0 0 0 0 0 0 0 0  </fenetre>
<fenetre> 0 0 0 0 0 0 0 0 0 0 0 0 0 0 30 36 50 75 227 480 543 430 135 39 3 0 0 0 0 0 0 0 0 0 0 0 0 0 0 0 0  </fenetre>
<fenetre> 0 0 0 0 0 0 0 0 0 0 0 0 0 16 50 38 44 96 215 513 592 251 78 53 26 51 19 6 0 0 0 0 0 0 0 0 0 0 0 0 0  </fenetre>
<fenetre> 0 0 0 0 0 0 0 0 0 0 0 0 0 0 47 58 123 239 331 347 238 135 168 112 119 121 10 0 0 0 0 0 0 0 0 0 0 0 0 0 0  </fenetre>
<fenetre> 0 0 0 0 0 0 0 0 0 0 0 0 0 0 15 47 72 107 207 470 607 236 217 70 0 0 0 0 0 0 0 0 0 0 0 0 0 0 0 0 0  </fenetre>
<fenetre> 0 0 0 0 0 0 0 0 0 0 0 0 0 3 23 29 57 141 199 456 634 256 143 62 31 9 5 0 0 0 0 0 0 0 0 0 0 0 0 0 0  </fenetre>
<fenetre> 0 0 0 0 0 0 0 0 0 0 0 0 1 15 24 30 49 51 92 486 1035 98 46 35 34 27 17 8 0 0 0 0 0 0 0 0 0 0 0 0 0  </fenetre>
<fenetre> 0 0 0 0 0 0 0 0 0 0 0 0 2 6 11 22 26 166 437 327 358 413 191 31 30 18 7 3 0 0 0 0 0 0 0 0 0 0 0 0 0  </fenetre>
<fenetre> 0 0 0 0 0 0 0 0 0 0 0 0 3 11 34 90 120 232 244 257 290 251 247 134 96 24 10 5 0 0 0 0 0 0 0 0 0 0 0 0 0  </fenetre>
<fenetre> 0 0 0 0 0 0 0 0 0 0 0 0 0 0 2 27 89 250 239 297 346 528 196 48 25 1 0 0 0 0 0 0 0 0 0 0 0 0 0 0 0  </fenetre>
<fenetre> 0 0 0 0 0 0 0 0 0 0 0 3 10 27 119 193 179 179 138 138 147 159 222 175 211 129 19 0 0 0 0 0 0 0 0 0 0 0 0 0 0  </fenetre>
<fenetre> 0 0 0 0 0 0 0 0 0 0 1 0 1 6 18 60 85 74 106 603 730 107 79 77 64 20 13 4 0 0 0 0 0 0 0 0 0 0 0 0 0  </fenetre>
<fenetre> 0 0 0 0 0 0 0 0 0 0 0 0 0 3 6 16 56 94 403 410 404 470 112 45 13 7 3 4 2 0 0 0 0 0 0 0 0 0 0 0 0  </fenetre>
<fenetre> 0 0 0 0 0 0 0 0 0 0 0 0 0 2 5 17 71 155 405 397 446 248 148 92 34 18 9 1 0 0 0 0 0 0 0 0 0 0 0 0 0  </fenetre>
<fenetre> 0 0 0 0 0 0 0 0 0 0 0 0 0 0 0 0 9 49 151 580 1030 171 50 8 0 0 0 0 0 0 0 0 0 0 0 0 0 0 0 0 0  </fenetre>
<fenetre> 0 0 0 0 0 0 0 0 0 0 0 0 0 7 29 29 40 129 267 557 512 235 90 42 53 33 21 4 0 0 0 0 0 0 0 0 0 0 0 0 0  </fenetre>
<fenetre> 0 0 0 0 0 0 0 0 0 0 0 0 0 0 0 0 33 262 444 434 331 170 111 99 115 48 1 0 0 0 0 0 0 0 0 0 0 0 0 0 0  </fenetre>
<fenetre> 0 0 0 0 0 0 0 0 0 0 0 0 0 0 10 80 169 164 218 294 367 302 307 111 21 5 0 0 0 0 0 0 0 0 0 0 0 0 0 0 0  </fenetre>
<fenetre> 0 0 0 0 0 0 0 0 0 0 0 0 0 28 143 131 180 128 119 122 173 304 345 248 126 1 0 0 0 0 0 0 0 0 0 0 0 0 0 0 0  </fenetre>
<fenetre> 0 0 0 0 0 0 0 0 0 0 0 0 0 18 190 153 114 110 103 98 157 391 381 206 123 4 0 0 0 0 0 0 0 0 0 0 0 0 0 0 0  </fenetre>
<fenetre> 0 0 0 0 0 0 0 0 0 0 0 0 0 6 100 104 200 203 136 131 204 373 272 179 126 11 3 0 0 0 0 0 0 0 0 0 0 0 0 0 0  </fenetre>
<fenetre> 0 0 0 0 0 0 0 0 0 0 0 0 7 14 18 17 40 79 97 644 808 112 88 63 43 13 5 0 0 0 0 0 0 0 0 0 0 0 0 0 0  </fenetre>
<fenetre> 0 0 0 0 0 0 0 0 0 0 0 0 0 0 6 37 89 294 292 307 264 311 289 133 25 1 0 0 0 0 0 0 0 0 0 0 0 0 0 0 0  </fenetre>
<fenetre> 0 0 0 0 0 0 0 0 0 0 0 0 0 7 45 118 130 166 249 322 273 230 182 133 84 80 19 9 1 0 0 0 0 0 0 0 0 0 0 0 0  </fenetre>
<fenetre> 0 0 0 0 0 0 0 0 0 0 0 0 0 0 0 32 141 303 364 228 294 243 159 126 112 45 1 0 0 0 0 0 0 0 0 0 0 0 0 0 0  </fenetre>
<fenetre> 0 0 0 0 0 0 0 0 0 0 0 0 3 20 53 71 65 109 205 356 462 376 157 119 46 6 0 0 0 0 0 0 0 0 0 0 0 0 0 0 0  </fenetre>
<fenetre> 0 0 0 0 0 0 0 0 0 0 0 0 0 0 23 89 136 138 233 271 473 353 134 107 64 22 5 0 0 0 0 0 0 0 0 0 0 0 0 0 0  </fenetre>
<fenetre> 0 0 0 0 0 0 0 0 0 0 0 0 0 0 45 66 99 260 407 248 195 196 150 144 153 83 2 0 0 0 0 0 0 0 0 0 0 0 0 0 0  </fenetre>
<fenetre> 0 0 0 0 0 0 0 0 0 0 0 0 0 0 0 0 0 0 12 791 1230 12 3 0 0 0 0 0 0 0 0 0 0 0 0 0 0 0 0 0 0  </fenetre>
<fenetre> 0 0 0 0 0 0 0 0 0 0 0 0 0 0 0 0 0 0 6 891 1141 10 0 0 0 0 0 0 0 0 0 0 0 0 0 0 0 0 0 0 0  </fenetre>
<fenetre> 0 0 0 0 0 0 0 0 0 0 0 0 0 0 0 0 0 0 0 536 1512 0 0 0 0 0 0 0 0 0 0 0 0 0 0 0 0 0 0 0 0  </fenetre>
<fenetre> 0 0 0 0 0 0 0 0 0 0 0 0 0 0 9 24 47 226 315 386 377 352 238 41 16 12 5 0 0 0 0 0 0 0 0 0 0 0 0 0 0  </fenetre>
<fenetre> 0 0 0 0 0 0 0 0 0 0 0 0 2 4 13 20 56 183 367 409 418 267 124 68 58 31 26 2 0 0 0 0 0 0 0 0 0 0 0 0 0  </fenetre>
<fenetre> 0 0 0 0 0 0 0 0 0 0 0 0 0 4 7 9 12 23 109 718 1003 112 22 16 6 5 2 0 0 0 0 0 0 0 0 0 0 0 0 0 0  </fenetre>
<fenetre> 0 0 0 0 0 0 0 0 0 0 0 0 0 2 8 20 33 116 411 470 520 235 80 58 47 30 14 4 0 0 0 0 0 0 0 0 0 0 0 0 0  </fenetre>
<fenetre> 0 0 0 0 0 0 0 0 0 0 0 0 0 0 4 41 67 125 248 386 556 444 115 52 10 0 0 0 0 0 0 0 0 0 0 0 0 0 0 0 0  </fenetre>
<fenetre> 0 0 0 0 0 0 0 0 0 0 0 0 0 12 91 149 149 148 167 206 221 305 239 196 120 43 2 0 0 0 0 0 0 0 0 0 0 0 0 0 0  </fenetre>
<fenetre> 0 0 0 0 0 0 0 0 0 0 0 0 0 14 53 100 136 185 198 276 298 258 265 165 94 6 0 0 0 0 0 0 0 0 0 0 0 0 0 0 0  </fenetre>
<fenetre> 0 0 0 0 0 0 0 0 0 0 0 0 0 0 0 34 37 47 87 678 900 127 74 64 0 0 0 0 0 0 0 0 0 0 0 0 0 0 0 0 0  </fenetre>
<fenetre> 0 0 0 0 0 0 0 0 0 0 0 0 0 47 123 176 203 142 157 142 231 137 133 143 207 180 26 1 0 0 0 0 0 0 0 0 0 0 0 0 0  </fenetre>
<fenetre> 0 0 0 0 0 0 0 0 0 0 0 0 0 0 14 97 194 188 202 199 234 367 435 70 36 11 1 0 0 0 0 0 0 0 0 0 0 0 0 0 0  </fenetre>
<fenetre> 0 0 0 0 0 0 0 0 0 0 0 0 0 0 0 2 16 52 191 601 874 230 57 25 0 0 0 0 0 0 0 0 0 0 0 0 0 0 0 0 0  </fenetre>
<fenetre> 0 0 0 0 0 0 0 0 0 0 0 0 0 0 2 17 52 129 230 592 659 194 50 38 33 25 15 12 0 0 0 0 0 0 0 0 0 0 0 0 0  </fenetre>
<fenetre> 0 0 0 0 0 0 0 0 0 0 0 0 0 0 0 0 19 106 366 481 598 360 70 34 14 0 0 0 0 0 0 0 0 0 0 0 0 0 0 0 0  </fenetre>
<fenetre> 0 0 0 0 0 0 0 0 0 0 0 0 0 1 28 57 82 125 403 340 318 362 112 99 54 64 3 0 0 0 0 0 0 0 0 0 0 0 0 0 0  </fenetre>
<fenetre> 0 0 0 0 0 0 0 0 0 0 0 0 0 0 16 47 119 190 155 502 522 160 101 103 78 52 3 0 0 0 0 0 0 0 0 0 0 0 0 0 0  </fenetre>
<fenetre> 0 0 0 0 0 0 0 0 0 0 0 0 0 0 0 0 14 106 299 573 600 322 112 21 1 0 0 0 0 0 0 0 0 0 0 0 0 0 0 0 0  </fenetre>
<fenetre> 0 0 0 0 0 0 0 0 0 0 0 0 1 10 45 74 206 205 214 256 273 206 200 216 62 49 28 3 0 0 0 0 0 0 0 0 0 0 0 0 0  </fenetre>
<fenetre> 0 0 0 0 0 0 0 0 0 0 0 0 0 0 9 125 194 242 312 209 146 156 293 255 56 24 11 15 1 0 0 0 0 0 0 0 0 0 0 0 0  </fenetre>
<fenetre> 0 0 0 0 0 0 0 0 0 0 0 0 0 1 76 144 214 201 211 166 152 189 208 222 201 63 0 0 0 0 0 0 0 0 0 0 0 0 0 0 0  </fenetre>
<fenetre> 0 0 0 0 0 0 0 0 0 0 0 0 0 0 10 42 53 46 74 470 1038 193 69 37 15 1 0 0 0 0 0 0 0 0 0 0 0 0 0 0 0  </fenetre>
<fenetre> 0 0 0 0 0 0 0 0 0 0 0 0 0 2 35 129 128 164 206 309 335 290 149 128 129 44 0 0 0 0 0 0 0 0 0 0 0 0 0 0 0  </fenetre>
<fenetre> 0 0 0 0 0 0 0 0 0 0 0 0 1 3 56 156 155 144 123 153 280 422 430 116 9 0 0 0 0 0 0 0 0 0 0 0 0 0 0 0 0  </fenetre>
<fenetre> 0 0 0 0 0 0 0 0 0 0 0 0 1 17 56 84 95 130 211 314 382 353 216 91 78 20 0 0 0 0 0 0 0 0 0 0 0 0 0 0 0  </fenetre>
<fenetre> 0 0 0 0 0 0 0 0 0 0 0 0 0 5 27 48 196 249 263 264 204 211 249 226 92 14 0 0 0 0 0 0 0 0 0 0 0 0 0 0 0  </fenetre>
<fenetre> 0 0 0 0 0 0 0 0 0 0 0 1 6 22 44 77 63 190 249 352 344 270 212 76 74 45 20 3 0 0 0 0 0 0 0 0 0 0 0 0 0  </fenetre>
<fenetre> 0 0 0 0 0 0 0 0 0 0 0 0 0 0 45 251 226 178 163 174 157 162 155 195 224 109 9 0 0 0 0 0 0 0 0 0 0 0 0 0 0  </fenetre>
<fenetre> 0 0 0 0 0 0 0 0 0 0 0 0 0 0 2 43 189 348 363 237 148 131 147 138 206 95 1 0 0 0 0 0 0 0 0 0 0 0 0 0 0  </fenetre>
<fenetre> 0 0 0 0 0 0 0 0 0 0 0 0 0 0 1 57 85 161 288 391 393 383 173 84 30 2 0 0 0 0 0 0 0 0 0 0 0 0 0 0 0  </fenetre>
<fenetre> 0 0 0 0 0 0 0 0 0 0 0 0 0 0 0 16 71 251 304 325 382 446 141 51 37 18 6 0 0 0 0 0 0 0 0 0 0 0 0 0 0  </fenetre>
<fenetre> 0 0 0 0 0 0 0 0 0 0 0 0 0 0 0 0 2 43 245 706 702 300 50 0 0 0 0 0 0 0 0 0 0 0 0 0 0 0 0 0 0  </fenetre>
<fenetre> 0 0 0 0 0 0 0 0 0 0 0 0 0 2 16 10 45 138 166 356 998 100 76 47 41 40 13 0 0 0 0 0 0 0 0 0 0 0 0 0 0  </fenetre>
<fenetre> 0 0 0 0 0 0 0 0 0 0 0 0 0 0 1 34 53 210 423 364 317 295 164 87 79 21 0 0 0 0 0 0 0 0 0 0 0 0 0 0 0  </fenetre>
<fenetre> 0 0 0 0 0 0 0 0 0 0 0 0 0 0 0 0 0 1 33 720 1253 36 5 0 0 0 0 0 0 0 0 0 0 0 0 0 0 0 0 0 0  </fenetre>
<fenetre> 0 0 0 0 0 0 0 0 0 0 0 0 0 0 0 0 0 0 0 884 1159 5 0 0 0 0 0 0 0 0 0 0 0 0 0 0 0 0 0 0 0  </fenetre>
<fenetre> 0 0 0 0 0 0 0 0 0 0 0 0 0 0 0 0 0 0 0 772 1276 0 0 0 0 0 0 0 0 0 0 0 0 0 0 0 0 0 0 0 0  </fenetre>
<fenetre> 0 0 0 0 0 0 0 0 0 0 0 0 0 0 7 19 33 43 91 370 1254 90 99 38 4 0 0 0 0 0 0 0 0 0 0 0 0 0 0 0 0  </fenetre>
<fenetre> 0 0 0 0 0 0 0 0 0 0 0 0 0 9 113 92 90 83 102 310 497 289 285 121 55 2 0 0 0 0 0 0 0 0 0 0 0 0 0 0 0  </fenetre>
<fenetre> 0 0 0 0 0 0 0 0 0 0 0 0 2 25 41 55 50 45 76 515 782 209 127 68 33 18 2 0 0 0 0 0 0 0 0 0 0 0 0 0 0  </fenetre>
<fenetre> 0 0 0 0 0 0 0 0 0 0 0 0 0 22 41 41 51 44 50 539 890 139 131 77 18 5 0 0 0 0 0 0 0 0 0 0 0 0 0 0 0  </fenetre>
<fenetre> 0 0 0 0 0 0 0 0 0 0 0 0 0 7 12 30 140 252 223 219 401 357 248 98 49 10 2 0 0 0 0 0 0 0 0 0 0 0 0 0 0  </fenetre>
<fenetre> 0 0 0 0 0 0 0 0 0 0 0 0 0 0 36 98 145 189 251 255 294 265 269 165 51 30 0 0 0 0 0 0 0 0 0 0 0 0 0 0 0  </fenetre>
<fenetre> 0 0 0 0 0 0 0 0 0 0 0 0 0 0 0 96 103 66 99 621 775 72 34 38 34 37 56 16 1 0 0 0 0 0 0 0 0 0 0 0 0  </fenetre>
<fenetre> 0 0 0 0 0 0 0 0 0 0 0 0 0 0 0 25 107 113 179 564 601 202 132 84 26 13 2 0 0 0 0 0 0 0 0 0 0 0 0 0 0  </fenetre>
<fenetre> 0 0 0 0 0 0 0 0 0 0 0 0 0 34 143 117 104 98 110 262 364 223 217 209 143 22 2 0 0 0 0 0 0 0 0 0 0 0 0 0 0  </fenetre>
<fenetre> 0 0 0 0 0 0 0 0 0 0 0 0 0 0 41 99 175 226 260 246 183 238 278 148 92 53 7 2 0 0 0 0 0 0 0 0 0 0 0 0 0  </fenetre>
<fenetre> 0 0 0 0 0 0 0 0 0 0 0 0 0 7 13 21 63 127 267 467 557 260 152 57 39 16 2 0 0 0 0 0 0 0 0 0 0 0 0 0 0  </fenetre>
<fenetre> 0 0 0 0 0 0 0 0 0 0 0 0 0 7 32 52 96 120 263 437 434 264 172 74 67 29 1 0 0 0 0 0 0 0 0 0 0 0 0 0 0  </fenetre>
<fenetre> 0 0 0 0 0 0 0 0 0 0 0 0 0 0 20 126 117 142 223 394 389 248 127 89 98 56 19 0 0 0 0 0 0 0 0 0 0 0 0 0 0  </fenetre>
<fenetre> 0 0 0 0 0 0 0 0 0 0 0 0 1 5 11 32 64 151 274 488 424 289 162 68 48 27 4 0 0 0 0 0 0 0 0 0 0 0 0 0 0  </fenetre>
<fenetre> 0 0 0 0 0 0 0 0 0 0 0 0 0 0 8 90 197 232 338 311 167 134 148 173 199 50 1 0 0 0 0 0 0 0 0 0 0 0 0 0 0  </fenetre>
<fenetre> 0 0 0 0 0 0 0 0 0 0 0 0 0 0 6 58 82 99 174 482 723 149 116 86 50 20 3 0 0 0 0 0 0 0 0 0 0 0 0 0 0  </fenetre>
<fenetre> 0 0 0 0 0 0 0 0 0 0 0 0 0 17 60 61 63 75 112 409 723 213 145 110 59 1 0 0 0 0 0 0 0 0 0 0 0 0 0 0 0  </fenetre>
<fenetre> 0 0 0 0 0 0 0 0 0 0 0 0 0 5 15 20 45 83 168 576 771 219 49 36 23 18 17 3 0 0 0 0 0 0 0 0 0 0 0 0 0  </fenetre>
<fenetre> 0 0 0 0 0 0 0 0 0 0 0 0 0 1 9 41 61 72 161 650 646 207 89 64 43 4 0 0 0 0 0 0 0 0 0 0 0 0 0 0 0  </fenetre>
<fenetre> 0 0 0 0 0 0 0 0 0 0 0 0 0 0 0 0 0 1 24 637 1346 37 3 0 0 0 0 0 0 0 0 0 0 0 0 0 0 0 0 0 0  </fenetre>
<fenetre> 0 0 0 0 0 0 0 0 0 0 0 0 0 1 37 148 214 239 187 249 204 144 146 194 240 40 5 0 0 0 0 0 0 0 0 0 0 0 0 0 0  </fenetre>
<fenetre> 0 0 0 0 0 0 0 0 0 0 0 0 0 0 0 24 166 259 176 348 395 297 165 120 60 38 0 0 0 0 0 0 0 0 0 0 0 0 0 0 0  </fenetre>
<fenetre> 0 0 0 0 0 0 0 0 0 0 0 0 0 3 76 80 77 124 178 339 439 380 215 87 47 3 0 0 0 0 0 0 0 0 0 0 0 0 0 0 0  </fenetre>
<fenetre> 0 0 0 0 0 0 0 0 0 0 0 0 0 0 24 60 174 349 288 258 214 151 108 112 132 138 35 5 0 0 0 0 0 0 0 0 0 0 0 0 0  </fenetre>
<fenetre> 0 0 0 0 0 0 0 0 0 0 0 0 0 4 54 96 94 104 216 373 439 266 187 147 66 2 0 0 0 0 0 0 0 0 0 0 0 0 0 0 0  </fenetre>
<fenetre> 0 0 0 0 0 0 0 0 0 0 0 0 0 20 178 156 118 134 131 149 181 252 302 268 139 12 8 0 0 0 0 0 0 0 0 0 0 0 0 0 0  </fenetre>
<fenetre> 0 0 0 0 0 0 0 0 0 0 0 0 0 0 5 28 104 171 222 484 523 196 106 116 73 19 1 0 0 0 0 0 0 0 0 0 0 0 0 0 0  </fenetre>
<fenetre> 0 0 0 0 0 0 0 0 0 0 0 0 0 0 8 19 78 224 360 362 385 220 196 106 70 16 4 0 0 0 0 0 0 0 0 0 0 0 0 0 0  </fenetre>
<fenetre> 0 0 0 0 0 0 0 0 0 0 0 0 0 0 0 0 10 36 119 642 1049 139 48 5 0 0 0 0 0 0 0 0 0 0 0 0 0 0 0 0 0  </fenetre>
<fenetre> 0 0 0 0 0 0 0 0 0 0 0 0 0 0 46 123 143 145 179 380 415 142 125 178 91 67 14 0 0 0 0 0 0 0 0 0 0 0 0 0 0  </fenetre>
<fenetre> 0 0 0 0 0 0 0 0 0 0 0 0 0 1 2 9 53 145 264 472 548 331 180 32 11 0 0 0 0 0 0 0 0 0 0 0 0 0 0 0 0  </fenetre>
<fenetre> 0 0 0 0 0 0 0 0 0 0 0 0 0 0 11 100 168 128 183 354 416 273 256 75 32 42 7 3 0 0 0 0 0 0 0 0 0 0 0 0 0  </fenetre>
<fenetre> 0 0 0 0 0 0 0 0 0 0 0 0 0 0 52 94 80 64 89 444 655 191 230 137 12 0 0 0 0 0 0 0 0 0 0 0 0 0 0 0 0  </fenetre>
<fenetre> 0 0 0 0 0 0 0 0 0 0 0 0 0 7 55 105 70 82 152 470 474 241 200 126 61 5 0 0 0 0 0 0 0 0 0 0 0 0 0 0 0  </fenetre>
<fenetre> 0 0 0 0 0 0 0 0 0 0 0 0 0 4 101 93 87 79 140 327 448 314 262 189 4 0 0 0 0 0 0 0 0 0 0 0 0 0 0 0 0  </fenetre>
<fenetre> 0 0 0 0 0 0 0 0 0 0 0 0 0 0 0 0 0 0 9 844 1171 24 0 0 0 0 0 0 0 0 0 0 0 0 0 0 0 0 0 0 0  </fenetre>
<fenetre> 0 0 0 0 0 0 0 0 0 0 0 0 0 0 0 0 0 0 27 889 1094 38 0 0 0 0 0 0 0 0 0 0 0 0 0 0 0 0 0 0 0  </fenetre>
<fenetre> 0 0 0 0 0 0 0 0 0 0 0 0 0 0 5 37 44 45 42 587 1064 77 63 77 7 0 0 0 0 0 0 0 0 0 0 0 0 0 0 0 0  </fenetre>
<fenetre> 0 0 0 0 0 0 0 0 0 0 0 2 15 20 41 60 62 99 95 477 623 207 194 94 40 13 5 1 0 0 0 0 0 0 0 0 0 0 0 0 0  </fenetre>
<fenetre> 0 0 0 0 0 0 0 0 0 0 0 0 0 1 24 18 62 192 271 390 506 304 161 71 32 15 1 0 0 0 0 0 0 0 0 0 0 0 0 0 0  </fenetre>
<fenetre> 0 0 0 0 0 0 0 0 0 0 0 0 0 0 0 53 160 208 234 255 356 416 247 68 26 23 2 0 0 0 0 0 0 0 0 0 0 0 0 0 0  </fenetre>
<fenetre> 0 0 0 0 0 0 0 0 0 0 0 0 0 0 0 19 56 135 267 490 507 348 185 36 5 0 0 0 0 0 0 0 0 0 0 0 0 0 0 0 0  </fenetre>
<fenetre> 0 0 0 0 0 0 0 0 0 0 0 0 0 0 8 18 62 185 446 410 350 285 75 87 53 38 19 4 5 3 0 0 0 0 0 0 0 0 0 0 0  </fenetre>
<fenetre> 0 0 0 0 0 0 0 0 0 0 0 0 0 14 41 39 30 55 127 576 686 261 127 84 8 0 0 0 0 0 0 0 0 0 0 0 0 0 0 0 0  </fenetre>
<fenetre> 0 0 0 0 0 0 0 0 0 0 0 0 0 2 7 9 59 283 333 378 401 251 125 92 50 27 19 10 2 0 0 0 0 0 0 0 0 0 0 0 0  </fenetre>
<fenetre> 0 0 0 0 0 0 0 0 0 0 0 0 0 6 49 60 59 92 219 406 510 375 147 84 40 1 0 0 0 0 0 0 0 0 0 0 0 0 0 0 0  </fenetre>
<fenetre> 0 0 0 0 0 0 0 0 0 0 0 0 0 29 31 79 68 103 174 494 513 222 130 89 72 21 15 8 0 0 0 0 0 0 0 0 0 0 0 0 0  </fenetre>
<fenetre> 0 0 0 0 0 0 0 0 0 0 0 0 0 0 0 35 150 286 355 249 248 258 159 165 123 20 0 0 0 0 0 0 0 0 0 0 0 0 0 0 0  </fenetre>
<fenetre> 0 0 0 0 0 0 0 0 0 0 0 0 0 0 13 46 116 175 273 329 395 356 201 87 44 13 0 0 0 0 0 0 0 0 0 0 0 0 0 0 0  </fenetre>
<fenetre> 0 0 0 0 0 0 0 0 0 0 0 0 0 0 0 0 99 283 357 341 327 287 149 99 60 33 13 0 0 0 0 0 0 0 0 0 0 0 0 0 0  </fenetre>
<fenetre> 0 0 0 0 0 0 0 0 0 0 0 0 1 6 29 119 217 280 201 159 188 193 219 252 122 59 3 0 0 0 0 0 0 0 0 0 0 0 0 0 0  </fenetre>
<fenetre> 0 0 0 0 0 0 0 0 0 0 0 0 0 0 0 0 12 42 124 617 1023 164 58 8 0 0 0 0 0 0 0 0 0 0 0 0 0 0 0 0 0  </fenetre>
<fenetre> 0 0 0 0 0 0 0 0 0 0 0 0 0 0 0 0 0 51 247 315 1091 337 7 0 0 0 0 0 0 0 0 0 0 0 0 0 0 0 0 0 0  </fenetre>
<fenetre> 0 0 0 0 0 0 0 0 0 0 0 1 5 11 22 46 93 147 393 315 330 390 84 71 63 41 30 6 0 0 0 0 0 0 0 0 0 0 0 0 0  </fenetre>
<fenetre> 0 0 0 0 0 0 0 0 0 0 0 0 2 8 19 74 137 226 315 211 242 258 264 246 46 0 0 0 0 0 0 0 0 0 0 0 0 0 0 0 0  </fenetre>
<fenetre> 0 0 0 0 0 0 0 0 0 0 0 0 0 0 0 4 24 157 327 424 545 406 136 22 3 0 0 0 0 0 0 0 0 0 0 0 0 0 0 0 0  </fenetre>
<fenetre> 0 0 0 0 0 0 0 0 0 0 0 0 0 0 0 6 50 96 177 591 732 278 84 33 1 0 0 0 0 0 0 0 0 0 0 0 0 0 0 0 0  </fenetre>
<fenetre> 0 0 0 0 0 0 0 0 0 0 0 0 0 0 0 0 6 14 54 789 1097 64 17 7 0 0 0 0 0 0 0 0 0 0 0 0 0 0 0 0 0  </fenetre>
<fenetre> 0 0 0 0 0 0 0 0 0 0 0 0 0 0 0 0 0 2 49 886 1034 76 1 0 0 0 0 0 0 0 0 0 0 0 0 0 0 0 0 0 0  </fenetre>
<fenetre> 0 0 0 0 0 0 0 0 0 0 0 0 0 0 0 0 0 0 2 807 1224 15 0 0 0 0 0 0 0 0 0 0 0 0 0 0 0 0 0 0 0  </fenetre>
<fenetre> 0 0 0 0 0 0 0 0 0 0 0 0 0 0 0 1 2 24 133 798 903 156 27 2 1 1 0 0 0 0 0 0 0 0 0 0 0 0 0 0 0  </fenetre>
<fenetre> 0 0 0 0 0 0 0 0 0 0 0 0 0 0 0 0 0 0 4 806 1227 11 0 0 0 0 0 0 0 0 0 0 0 0 0 0 0 0 0 0 0  </fenetre>
<fenetre> 0 0 0 0 0 0 0 0 0 0 0 0 0 6 31 99 111 175 224 377 501 142 86 100 83 37 53 22 1 0 0 0 0 0 0 0 0 0 0 0 0  </fenetre>
<fenetre> 0 0 0 0 0 0 0 0 0 0 0 0 0 1 6 15 41 209 412 304 317 484 169 61 26 3 0 0 0 0 0 0 0 0 0 0 0 0 0 0 0  </fenetre>
<fenetre> 0 0 0 0 0 0 0 0 0 0 0 0 3 19 64 137 152 166 213 212 262 262 167 192 127 57 14 1 0 0 0 0 0 0 0 0 0 0 0 0 0  </fenetre>
<fenetre> 0 0 0 0 0 0 0 0 0 0 0 0 0 0 2 35 94 160 282 490 442 260 123 61 39 34 19 7 0 0 0 0 0 0 0 0 0 0 0 0 0  </fenetre>
<fenetre> 0 0 0 0 0 0 0 0 0 0 0 0 0 0 0 11 74 130 287 590 512 220 72 46 53 39 14 0 0 0 0 0 0 0 0 0 0 0 0 0 0  </fenetre>
<fenetre> 0 0 0 0 0 0 0 0 0 0 0 0 0 0 1 27 89 154 171 577 655 129 64 72 60 43 6 0 0 0 0 0 0 0 0 0 0 0 0 0 0  </fenetre>
<fenetre> 0 0 0 0 0 0 0 0 0 0 0 0 0 7 39 124 138 198 238 279 242 231 199 151 155 44 2 1 0 0 0 0 0 0 0 0 0 0 0 0 0  </fenetre>
<fenetre> 0 0 0 0 0 0 0 0 0 0 0 0 0 0 21 64 100 139 163 496 582 156 137 82 70 38 0 0 0 0 0 0 0 0 0 0 0 0 0 0 0  </fenetre>
<fenetre> 0 0 0 0 0 0 0 0 0 0 0 0 0 0 10 36 96 167 269 351 596 220 121 80 55 26 13 6 1 1 0 0 0 0 0 0 0 0 0 0 0  </fenetre>
<fenetre> 0 0 0 0 0 0 0 0 0 0 0 0 0 0 42 50 61 98 243 412 474 412 186 63 7 0 0 0 0 0 0 0 0 0 0 0 0 0 0 0 0  </fenetre>
<fenetre> 0 0 0 0 0 0 0 0 0 0 0 0 0 8 24 55 107 150 281 330 440 354 106 74 78 29 10 2 0 0 0 0 0 0 0 0 0 0 0 0 0  </fenetre>
<fenetre> 0 0 0 0 0 0 0 0 0 0 0 3 4 20 38 61 95 137 227 351 401 349 153 90 85 32 2 0 0 0 0 0 0 0 0 0 0 0 0 0 0  </fenetre>
<fenetre> 0 0 0 0 0 0 0 0 0 0 1 1 10 33 82 118 133 155 183 198 263 259 249 200 104 51 8 0 0 0 0 0 0 0 0 0 0 0 0 0 0  </fenetre>
<fenetre> 0 0 0 0 0 0 0 0 0 0 0 0 0 3 24 176 176 228 212 212 199 210 241 153 152 54 8 0 0 0 0 0 0 0 0 0 0 0 0 0 0  </fenetre>
<fenetre> 0 0 0 0 0 0 0 0 0 0 0 0 0 0 22 90 168 147 278 312 314 249 148 131 149 36 4 0 0 0 0 0 0 0 0 0 0 0 0 0 0  </fenetre>
<fenetre> 0 0 0 0 0 0 0 0 0 0 0 0 0 2 82 139 205 182 148 206 226 268 221 143 170 53 3 0 0 0 0 0 0 0 0 0 0 0 0 0 0  </fenetre>
<fenetre> 0 0 0 0 0 0 0 0 0 0 0 0 0 0 0 0 25 63 161 709 832 199 58 1 0 0 0 0 0 0 0 0 0 0 0 0 0 0 0 0 0  </fenetre>
<fenetre> 0 0 0 0 0 0 0 0 0 0 0 0 0 0 0 15 106 168 239 487 427 279 218 91 17 1 0 0 0 0 0 0 0 0 0 0 0 0 0 0 0  </fenetre>
<fenetre> 0 0 0 0 0 0 0 0 0 0 0 0 0 0 1 51 144 100 129 527 589 207 191 46 21 20 22 0 0 0 0 0 0 0 0 0 0 0 0 0 0  </fenetre>
<fenetre> 0 0 0 0 0 0 0 0 0 0 0 0 4 22 91 115 111 144 174 264 308 249 222 212 106 25 1 0 0 0 0 0 0 0 0 0 0 0 0 0 0  </fenetre>
<fenetre> 0 0 0 0 0 0 0 0 0 0 0 0 0 3 29 93 142 159 303 331 282 215 186 135 92 74 4 0 0 0 0 0 0 0 0 0 0 0 0 0 0  </fenetre>
<fenetre> 0 0 0 0 0 0 0 0 0 0 0 0 0 0 3 70 144 246 220 259 355 304 247 152 43 4 1 0 0 0 0 0 0 0 0 0 0 0 0 0 0  </fenetre>
<fenetre> 0 0 0 0 0 0 0 0 0 0 0 0 0 0 0 0 6 21 74 792 1053 76 17 9 0 0 0 0 0 0 0 0 0 0 0 0 0 0 0 0 0  </fenetre>
<fenetre> 0 0 0 0 0 0 0 0 0 0 0 0 0 0 0 0 0 0 0 205 273 0 0 0 0 0 0 0 0 0 0 0 0 0 0 0 0 0 0 0 0  </fenetre>
<id> 1 </id>
<fenetre> 0 0 0 0 0 0 0 0 0 0 3 3 12 31 39 82 145 180 281 279 285 217 142 123 104 60 27 22 10 2 0 0 0 0 0 0 0 0 0 0 0  </fenetre>
<fenetre> 0 0 0 0 0 0 0 0 0 0 0 0 3 17 52 98 150 218 230 225 219 218 246 187 102 47 27 5 4 0 0 0 0 0 0 0 0 0 0 0 0  </fenetre>
<fenetre> 0 0 0 0 0 0 0 0 0 0 0 2 5 16 36 55 139 211 301 308 283 213 179 149 95 38 6 9 3 0 0 0 0 0 0 0 0 0 0 0 0  </fenetre>
<fenetre> 0 0 0 0 0 0 0 0 0 0 0 0 1 8 14 47 115 178 267 305 373 340 201 119 57 20 1 2 0 0 0 0 0 0 0 0 0 0 0 0 0  </fenetre>
<fenetre> 0 0 0 0 0 0 0 0 0 0 0 0 1 3 28 62 126 197 296 322 335 286 191 119 52 23 6 1 0 0 0 0 0 0 0 0 0 0 0 0 0  </fenetre>
<fenetre> 0 0 0 0 0 0 0 0 0 0 0 0 4 9 30 79 149 217 202 247 314 317 206 130 87 37 17 3 0 0 0 0 0 0 0 0 0 0 0 0 0  </fenetre>
<fenetre> 0 0 0 0 0 0 0 0 0 1 2 3 7 15 36 77 119 158 241 277 294 313 260 148 67 19 9 2 0 0 0 0 0 0 0 0 0 0 0 0 0  </fenetre>
<fenetre> 0 0 0 0 0 0 0 0 0 0 0 1 6 32 45 93 145 197 223 254 292 231 216 177 85 43 7 1 0 0 0 0 0 0 0 0 0 0 0 0 0  </fenetre>
<fenetre> 0 0 0 0 0 0 0 0 0 0 0 0 8 25 52 97 151 153 209 237 273 278 220 159 109 56 21 0 0 0 0 0 0 0 0 0 0 0 0 0 0  </fenetre>
<fenetre> 0 0 0 0 0 0 0 0 0 0 0 0 1 0 10 42 108 194 354 356 318 291 173 122 53 24 2 0 0 0 0 0 0 0 0 0 0 0 0 0 0  </fenetre>
<fenetre> 0 0 0 0 0 0 0 0 0 0 0 0 0 1 8 62 140 219 273 313 316 286 197 130 64 26 12 1 0 0 0 0 0 0 0 0 0 0 0 0 0  </fenetre>
<fenetre> 0 0 0 0 0 0 0 0 0 0 0 0 0 0 3 44 134 221 289 327 335 289 185 107 68 32 14 0 0 0 0 0 0 0 0 0 0 0 0 0 0  </fenetre>
<fenetre> 0 0 0 0 0 0 0 0 0 0 0 0 0 0 8 43 111 215 328 341 355 280 190 101 53 18 5 0 0 0 0 0 0 0 0 0 0 0 0 0 0  </fenetre>
<fenetre> 0 0 0 0 0 0 0 0 0 0 0 0 0 5 17 53 143 209 252 309 300 312 227 112 61 37 9 2 0 0 0 0 0 0 0 0 0 0 0 0 0  </fenetre>
<fenetre> 0 0 0 0 0 0 0 0 0 0 0 0 0 6 12 46 151 242 301 313 264 214 206 148 91 34 16 2 2 0 0 0 0 0 0 0 0 0 0 0 0  </fenetre>
<fenetre> 0 0 0 0 0 0 0 0 0 0 0 0 0 4 16 83 160 264 281 287 249 205 180 171 93 40 13 2 0 0 0 0 0 0 0 0 0 0 0 0 0  </fenetre>
<fenetre> 0 0 0 0 0 0 0 0 0 0 0 0 0 3 15 81 125 212 269 333 306 254 148 115 88 64 24 8 3 0 0 0 0 0 0 0 0 0 0 0 0  </fenetre>
<fenetre> 0 0 0 0 0 0 0 0 0 0 0 0 0 0 4 47 139 209 300 433 346 196 120 71 85 58 28 10 2 0 0 0 0 0 0 0 0 0 0 0 0  </fenetre>
<fenetre> 0 0 0 0 0 0 0 0 0 0 0 0 0 0 17 72 125 163 270 397 406 246 125 76 52 48 40 10 1 0 0 0 0 0 0 0 0 0 0 0 0  </fenetre>
<fenetre> 0 0 0 0 0 0 0 0 0 0 0 0 0 0 23 88 119 102 168 387 490 339 173 78 44 19 3 0 0 0 0 0 0 0 0 0 0 0 0 0 0  </fenetre>
